s,x,y,t
0.0,101.4198386656325,-199.14088917412494,15.19888687133789
3.0,104.41983865572784,-199.14113295250291,15.598886871337891
6.0,107.4198386458232,-199.1413767308809,15.998886871337891
9.0,110.41983863591855,-199.14162050925887,16.39888687133789
12.0,113.4198386260139,-199.14186428763685,16.79888687133789
15.0,116.41983861610925,-199.14210806601483,17.198886871337887
18.0,119.41983860620459,-199.14235184439278,17.598886871337886
21.0,122.41983859629995,-199.14259562277076,17.998886871337884
24.0,125.4198385863953,-199.14283940114873,18.398886871337883
27.0,128.41983857649063,-199.1430831795267,18.79888687133788
30.0,131.419838566586,-199.1433269579047,19.19888687133788
33.0,134.41983855668136,-199.14357073628267,19.59888687133788
36.0,137.4198385467767,-199.14381451466065,19.998886871337877
39.0,140.41983853687205,-199.14405829303863,20.398886871337876
42.0,143.4198385269674,-199.1443020714166,20.798886871337874
45.0,146.41983851706274,-199.14454584979458,21.198886871337873
48.0,149.4198385071581,-199.14478962817253,21.59888687133787
51.0,152.41983849725347,-199.1450334065505,21.99888687133787
54.0,155.41983848734878,-199.1452771849285,22.39888687133787
57.0,158.41983847744416,-199.14552096330647,22.798886871337867
60.0,161.4198384675395,-199.14576474168445,23.198886871337866
63.0,164.41983845763485,-199.14600852006242,23.598886871337864
66.0,167.4198384477302,-199.1462522984404,23.998886871337863
69.0,170.41983843782555,-199.14649607681838,24.39888687133786
72.0,173.41983842792092,-199.14673985519636,24.79888687133786
75.0,176.41983841801624,-199.14698363357434,25.19888687133786
78.0,179.41983840811162,-199.14722741195231,25.598886871337857
81.0,182.41983839820693,-199.14747119033026,25.998886871337856
84.0,185.4198383883023,-199.14771496870824,26.398886871337854
87.0,188.41983837839766,-199.14795874708622,26.798886871337853
90.0,191.419838368493,-199.1482025254642,27.19888687133785
93.0,194.41983835858835,-199.14844630384218,27.59888687133785
96.0,197.4198383486837,-199.14869008222016,27.99888687133785
99.0,200.41983833877907,-199.14893386059813,28.398886871337847
102.0,203.4198383288744,-199.1491776389761,28.798886871337846
105.0,206.41983831896977,-199.1494214173541,29.198886871337844
108.0,209.41983830906509,-199.14966519573207,29.598886871337843
111.0,212.41983829916046,-199.14990897411002,29.99888687133784
114.0,215.4198382892558,-199.150152752488,30.39888687133784
117.0,218.41983827935115,-199.15039653086598,30.79888687133784
120.0,221.4198382694465,-199.15064030924395,31.198886871337837
123.0,224.41983825954185,-199.15088408762193,31.598886871337836
126.0,227.41983824963722,-199.1511278659999,31.998886871337834
129.0,230.41983823973254,-199.1513716443779,32.39888687133784
133.20000000000002,234.6198382258661,-199.15171293410705,32.798886871337835
