s,x,y,t
3.28082386162546,154.0166087796968,-49.478319430839335,5.1987504959106445
7.963521619384128,152.1953720959214,-53.672994083533276,5.598750495910645
14.415193148758455,147.79921916014723,-55.49300694843985,5.998750495910645
18.793921099481064,144.99007525392352,-55.49334925045048,6.398750495910646
39.0,140.38975195609103,-55.49390981265983,6.798750495910646
36.0,137.3897519783632,-55.49427537101447,7.198750495910646
33.0,134.38975200063533,-55.494640929369105,7.598750495910647
30.0,131.3897520229075,-55.49500648772374,7.998750495910647
27.0,128.38975204517965,-55.49537204607838,8.398750495910647
24.0,125.3897520674518,-55.49573760443302,8.798750495910648
21.0,122.38975208972394,-55.496103162787655,9.198750495910648
18.0,119.3897521119961,-55.49646872114229,9.598750495910648
15.0,116.38975213426825,-55.49683427949694,9.998750495910649
12.0,113.38975215654041,-55.497199837851575,10.39875049591065
9.0,110.38975217881256,-55.49756539620621,10.79875049591065
6.0,107.3897522010847,-55.49793095456085,11.19875049591065
3.0,104.38975222335687,-55.49829651291549,11.59875049591065
0.0,101.38975224562901,-55.498662071270125,11.99875049591065
15.580617795926988,98.87015245490821,-55.49896909152368,12.398750495910651
15.020934253431586,96.82891638113324,-55.69421635912399,12.798750495910651
12.020934253431586,93.99967263105984,-56.66244188756571,13.198750495910652
9.020934253431586,91.54520029623197,-58.3705538361277,13.598750495910652
8.531953178163173,90.1462617016873,-59.98006191361851,13.998750495910652
5.531953178163173,88.8316628011452,-62.66387330717772,14.398750495910653
2.531953178163173,88.37997746672775,-65.61802195343384,14.798750495910653
0.0,88.38036235573624,-68.149975102343,15.198750495910653
3.0,88.38081844368139,-71.15030320571654,15.598750495910654
6.0,88.38127448174541,-74.15030317105474,15.998750495910654
9.0,88.38173051980944,-77.15030313639296,16.398750495910654
12.0,88.38218655787345,-80.15030310173117,16.798750495910653
15.0,88.38264259593747,-83.15030306706939,17.19875049591065
18.0,88.38309863400148,-86.1503030324076,17.59875049591065
21.0,88.3835546720655,-89.15030299774583,17.99875049591065
24.0,88.38401071012952,-92.15030296308403,18.398750495910647
27.0,88.38446674819355,-95.15030292842225,18.798750495910646
30.0,88.38492278625756,-98.15030289376045,19.198750495910645
33.0,88.38537882432158,-101.15030285909867,19.598750495910643
36.0,88.3858348623856,-104.15030282443689,19.99875049591064
39.0,88.38629090044961,-107.15030278977511,20.39875049591064
42.0,88.38674693851362,-110.15030275511332,20.79875049591064
45.0,88.38720297657765,-113.15030272045152,21.198750495910637
48.0,88.38765901464167,-116.15030268578974,21.598750495910636
51.69,88.3882199414604,-119.84030264315575,21.998750495910635
3.0,88.38867597952442,-122.84030260849397,22.398750495910633
6.0,88.38913201758844,-125.84030257383218,22.79875049591063
9.0,88.38958805565247,-128.84030253917038,23.19875049591063
12.0,88.39004409371648,-131.8403025045086,23.59875049591063
15.0,88.3905001317805,-134.84030246984682,23.998750495910627
18.0,88.39095616984451,-137.84030243518504,24.398750495910626
21.999999999999986,88.39156422059654,-141.8403023889693,24.798750495910625
3.0,88.39202025866055,-144.8403023543075,25.198750495910623
6.0,88.39247629672457,-147.84030231964573,25.598750495910622
9.0,88.3929323347886,-150.84030228498392,25.99875049591062
12.0,88.39338837285261,-153.84030225032214,26.39875049591062
15.0,88.39384441091663,-156.84030221566036,26.798750495910618
18.0,88.39430044898064,-159.84030218099858,27.198750495910616
21.0,88.39475648704466,-162.8403021463368,27.598750495910615
24.0,88.39521252510868,-165.840302111675,27.998750495910613
27.0,88.3956685631727,-168.8403020770132,28.398750495910612
30.0,88.39612460123672,-171.84030204235142,28.79875049591061
35.0,88.39688466467675,-176.8403019845818,29.19875049591061
