s,x,y,t
55.2,1.9487363710475152,-65.16076635870223,55.19823455810547
51.0,1.950354244619959,-60.96076667031116,55.29823455810547
48.0,1.951509868600276,-57.96076689288896,55.39823455810547
45.0,1.952665492580593,-54.960767115466766,55.49823455810547
42.0,1.9538211165609103,-51.960767338044576,55.598234558105474
39.0,1.9549767405412273,-48.96076756062238,55.698234558105476
36.0,1.9561323645215443,-45.96076778320018,55.79823455810548
33.0,1.9572879885018613,-42.96076800577799,55.89823455810548
30.0,1.9584436124821782,-39.960768228355796,55.99823455810548
27.0,1.9595992364624952,-36.9607684509336,56.09823455810548
24.0,1.9607548604428124,-33.96076867351141,56.19823455810548
21.0,1.9619104844231294,-30.960768896089213,56.298234558105484
18.0,1.9630661084034464,-27.960769118667017,56.398234558105486
15.0,1.9642217323837634,-24.960769341244823,56.49823455810549
12.0,1.9653773563640804,-21.96076956382263,56.59823455810549
9.0,1.9665329803443974,-18.960769786400434,56.69823455810549
6.0,1.9676886043247146,-15.96077000897824,56.79823455810549
3.0,1.9688442283050316,-12.960770231556046,56.89823455810549
0.0,1.9699998522853486,-9.96077045413385,56.998234558105494
6.640020430292893,4.071115542367507,-3.9294349959796913,57.098234558105496
13.970048891163259,9.227495772334422,-1.9805875604122347,57.1982345581055
66.0,13.380667262992077,-1.9792340010240452,57.2982345581055
63.0,16.380667103666276,-1.9782562716049374,57.3982345581055
60.0,19.38066694434047,-1.9772785421858299,57.4982345581055
57.0,22.38066678501466,-1.976300812766722,57.5982345581055
54.0,25.380666625688853,-1.9753230833476145,57.698234558105504
51.0,28.380666466363046,-1.9743453539285067,57.798234558105506
48.0,31.380666307037238,-1.973367624509399,57.89823455810551
45.0,34.38066614771143,-1.9723898950902914,57.99823455810551
42.0,37.38066598838562,-1.9714121656711836,58.09823455810551
39.0,40.380665829059815,-1.970434436252076,58.19823455810551
36.0,43.38066566973401,-1.9694567068329683,58.29823455810551
33.0,46.3806655104082,-1.9684789774138605,58.398234558105514
30.0,49.3806653510824,-1.967501247994753,58.498234558105516
27.0,52.38066519175659,-1.9665235185756451,58.59823455810552
24.0,55.380665032430784,-1.9655457891565375,58.69823455810552
21.0,58.380664873104976,-1.9645680597374298,58.79823455810552
18.0,61.38066471377917,-1.9635903303183222,58.89823455810552
15.0,64.38066455445336,-1.9626126008992144,58.99823455810552
12.0,67.38066439512755,-1.9616348714801066,59.098234558105524
9.0,70.38066423580175,-1.960657142060999,59.198234558105526
6.0,73.38066407647594,-1.9596794126418913,59.29823455810553
3.0,76.38066391715013,-1.9587016832227837,59.39823455810553
0.0,79.38066375782432,-1.957723953803676,59.49823455810553
15.916904576466848,82.5299989509774,-1.9566975545261653,59.59823455810553
9.951317674967601,86.70460108235888,-3.5019450424682113,59.69823455810553
4.11198853654097,88.37108624373495,-7.1280168975185445,59.798234558105534
0.5699999999999967,88.37162467093327,-10.670005393135638,59.898234558105536
3.0,88.37216740160696,-14.240303863250613,59.99823455810554
6.0,88.37262343967097,-17.24030382858883,60.09823455810554
9.0,88.373079477735,-20.24030379392704,60.19823455810554
12.0,88.37353551579902,-23.240303759265252,60.29823455810554
15.0,88.37399155386304,-26.24030372460347,60.39823455810554
18.0,88.37444759192705,-29.240303689941683,60.498234558105544
21.0,88.37490362999107,-32.240303655279895,60.598234558105545
24.0,88.37535966805508,-35.24030362061811,60.69823455810555
27.0,88.37581570611911,-38.240303585956326,60.79823455810555
30.0,88.37627174418313,-41.24030355129454,60.89823455810555
34.91,88.37701812648123,-46.150303494564746,60.99823455810555
2.000000000000007,88.37732215185724,-48.150303471456894,61.09823455810555
5.000000000000007,88.37777818992129,-51.150303436795106,61.198234558105554
8.000000000000007,88.3782342279853,-54.15030340213332,61.298234558105555
11.000000000000007,88.37869026604932,-57.15030336747154,61.39823455810556
14.000000000000007,88.37914630411332,-60.15030333280974,61.49823455810556
19.79,88.38002645757688,-65.94030326591249,61.59823455810556
22.000000000000007,88.38036240561738,-68.15030324037832,61.69823455810556
3.0,88.38081844368139,-71.15030320571654,61.79823455810556
6.0,88.38127448174541,-74.15030317105474,61.898234558105564
9.0,88.38173051980944,-77.15030313639296,61.998234558105565
12.0,88.38218655787345,-80.15030310173117,62.09823455810557
15.0,88.38264259593747,-83.15030306706939,62.19823455810557
18.0,88.38309863400148,-86.1503030324076,62.29823455810557
21.0,88.3835546720655,-89.15030299774583,62.39823455810557
24.0,88.38401071012952,-92.15030296308403,62.49823455810557
27.0,88.38446674819355,-95.15030292842225,62.598234558105574
30.0,88.38492278625756,-98.15030289376045,62.698234558105575
33.0,88.38537882432158,-101.15030285909867,62.79823455810558
36.0,88.3858348623856,-104.15030282443689,62.89823455810558
39.0,88.38629090044961,-107.15030278977511,62.99823455810558
42.0,88.38674693851362,-110.15030275511332,63.09823455810558
45.0,88.38720297657765,-113.15030272045152,63.19823455810558
48.0,88.38765901464167,-116.15030268578974,63.298234558105584
51.69,88.3882199414604,-119.84030264315575,63.398234558105585
3.0,88.38867597952442,-122.84030260849397,63.49823455810559
6.0,88.38913201758844,-125.84030257383218,63.59823455810559
9.0,88.38958805565247,-128.84030253917038,63.69823455810559
12.0,88.39004409371648,-131.8403025045086,63.79823455810559
15.0,88.3905001317805,-134.84030246984682,63.89823455810559
18.0,88.39095616984451,-137.84030243518504,63.998234558105594
21.999999999999986,88.39156422059654,-141.8403023889693,64.09823455810559
3.0,88.39202025866055,-144.8403023543075,64.19823455810558
6.0,88.39247629672457,-147.84030231964573,64.29823455810558
9.0,88.3929323347886,-150.84030228498392,64.39823455810557
12.0,88.39338837285261,-153.84030225032214,64.49823455810557
15.0,88.39384441091663,-156.84030221566036,64.59823455810556
18.0,88.39430044898064,-159.84030218099858,64.69823455810555
21.0,88.39475648704466,-162.8403021463368,64.79823455810555
24.0,88.39521252510868,-165.840302111675,64.89823455810554
27.0,88.3956685631727,-168.8403020770132,64.99823455810554
30.0,88.39612460123672,-171.84030204235142,65.09823455810553
33.0,88.39658063930074,-174.84030200768964,65.19823455810553
36.0,88.39703667736475,-177.84030197302786,65.29823455810552
39.0,88.39749271542877,-180.84030193836608,65.39823455810551
44.49000000000004,88.39832726508592,-186.33030187493503,65.49823455810551
2.777874024881357,88.39874953718345,-189.10817586772103,65.5982345581055
5.777874024881357,88.84278710582561,-192.06392600603002,65.6982345581055
10.631908991341188,91.31059923873332,-196.18931526591825,65.79823455810549
12.071979454421443,93.7079332532497,-197.9739176983044,65.89823455810549
16.937854924568597,98.38204401694543,-199.14064232457343,65.99823455810548
18.394137372051183,101.41952302677366,-199.1408891484763,66.09823455810547
3.0,104.41983865572784,-199.14113295250291,66.19823455810547
6.0,107.4198386458232,-199.1413767308809,66.29823455810546
9.0,110.41983863591855,-199.14162050925887,66.39823455810546
12.0,113.4198386260139,-199.14186428763685,66.49823455810545
15.0,116.41983861610925,-199.14210806601483,66.59823455810545
18.0,119.41983860620459,-199.14235184439278,66.69823455810544
21.0,122.41983859629995,-199.14259562277076,66.79823455810543
24.0,125.4198385863953,-199.14283940114873,66.89823455810543
27.0,128.41983857649063,-199.1430831795267,66.99823455810542
30.0,131.419838566586,-199.1433269579047,67.09823455810542
33.0,134.41983855668136,-199.14357073628267,67.19823455810541
36.0,137.4198385467767,-199.14381451466065,67.2982345581054
39.0,140.41983853687205,-199.14405829303863,67.3982345581054
42.0,143.4198385269674,-199.1443020714166,67.4982345581054
45.0,146.41983851706274,-199.14454584979458,67.59823455810539
48.0,149.4198385071581,-199.14478962817253,67.69823455810538
51.0,152.41983849725347,-199.1450334065505,67.79823455810538
54.0,155.41983848734878,-199.1452771849285,67.89823455810537
57.0,158.41983847744416,-199.14552096330647,67.99823455810537
60.0,161.4198384675395,-199.14576474168445,68.09823455810536
63.0,164.41983845763485,-199.14600852006242,68.19823455810536
66.0,167.4198384477302,-199.1462522984404,68.29823455810535
69.0,170.41983843782555,-199.14649607681838,68.39823455810534
72.0,173.41983842792092,-199.14673985519636,68.49823455810534
75.0,176.41983841801624,-199.14698363357434,68.59823455810533
78.0,179.41983840811162,-199.14722741195231,68.69823455810533
81.0,182.41983839820693,-199.14747119033026,68.79823455810532
84.0,185.4198383883023,-199.14771496870824,68.89823455810532
87.0,188.41983837839766,-199.14795874708622,68.99823455810531
90.0,191.419838368493,-199.1482025254642,69.0982345581053
94.0,195.4198383552868,-199.1485275633015,69.1982345581053
