s,x,y,t
126.0,293.16975082184456,-55.47529314418595,70.19824981689453
123.0,290.1697508441167,-55.475658702540585,70.99824981689453
120.0,287.1697508663889,-55.47602426089522,71.79824981689453
117.0,284.16975088866104,-55.47638981924987,72.59824981689452
114.0,281.1697509109332,-55.476755377604505,73.39824981689452
111.0,278.16975093320536,-55.47712093595914,74.19824981689452
108.0,275.16975095547747,-55.47748649431378,74.99824981689451
105.0,272.16975097774963,-55.47785205266842,75.79824981689451
102.0,269.1697510000218,-55.478217611023055,76.59824981689451
99.0,266.16975102229395,-55.47858316937769,77.3982498168945
96.0,263.1697510445661,-55.47894872773233,78.1982498168945
93.0,260.1697510668382,-55.47931428608697,78.9982498168945
90.0,257.1697510891104,-55.479679844441605,79.7982498168945
87.0,254.16975111138254,-55.48004540279624,80.5982498168945
84.0,251.1697511336547,-55.48041096115088,81.39824981689449
81.0,248.16975115592686,-55.480776519505525,82.19824981689449
78.0,245.16975117819902,-55.48114207786016,82.99824981689449
75.0,242.16975120047115,-55.4815076362148,83.79824981689448
72.0,239.16975122274332,-55.48187319456944,84.59824981689448
69.0,236.16975124501545,-55.482238752924076,85.39824981689448
66.0,233.1697512672876,-55.48260431127871,86.19824981689447
63.0,230.16975128955977,-55.48296986963335,86.99824981689447
60.0,227.16975131183193,-55.48333542798799,87.79824981689447
57.0,224.16975133410406,-55.483700986342626,88.59824981689447
54.0,221.16975135637622,-55.484066544697264,89.39824981689446
51.0,218.16975137864836,-55.4844321030519,90.19824981689446
48.0,215.16975140092052,-55.484797661406546,90.99824981689446
45.0,212.16975142319268,-55.48516321976118,91.79824981689445
42.0,209.16975144546484,-55.48552877811582,92.59824981689445
39.0,206.16975146773697,-55.48589433647046,93.39824981689445
36.0,203.16975149000913,-55.486259894825096,94.19824981689445
33.0,200.16975151228127,-55.486625453179734,94.99824981689444
30.0,197.16975153455343,-55.48699101153437,95.79824981689444
27.0,194.1697515568256,-55.48735656988901,96.59824981689444
24.0,191.16975157909775,-55.48772212824365,97.39824981689443
21.0,188.16975160136988,-55.488087686598284,98.19824981689443
18.0,185.16975162364204,-55.48845324495292,98.99824981689443
15.0,182.1697516459142,-55.488818803307566,99.79824981689443
12.0,179.16975166818634,-55.489184361662204,100.59824981689442
9.0,176.1697516904585,-55.48954992001684,101.39824981689442
6.0,173.16975171273066,-55.48991547837148,102.19824981689442
3.0,170.1697517350028,-55.49028103672612,102.99824981689441
0.0,167.16975175727495,-55.490646595080754,103.79824981689441
18.0,162.98975178830747,-55.491155939721544,104.59824981689441
15.0,159.98975181057963,-55.49152149807619,105.3982498168944
12.0,156.98975183285177,-55.491887056430826,106.1982498168944
9.0,153.98975185512393,-55.492252614785464,106.9982498168944
6.0,150.9897518773961,-55.4926181731401,107.7982498168944
3.0,147.98975189966822,-55.49298373149474,108.5982498168944
0.0,144.98975192194038,-55.49334928984938,109.39824981689439
39.0,140.38975195609103,-55.49390981265983,110.19824981689439
36.0,137.3897519783632,-55.49427537101447,110.99824981689439
33.0,134.38975200063533,-55.494640929369105,111.79824981689438
30.0,131.3897520229075,-55.49500648772374,112.59824981689438
27.0,128.38975204517965,-55.49537204607838,113.39824981689438
24.0,125.3897520674518,-55.49573760443302,114.19824981689437
21.0,122.38975208972394,-55.496103162787655,114.99824981689437
18.0,119.3897521119961,-55.49646872114229,115.79824981689437
15.0,116.38975213426825,-55.49683427949694,116.59824981689437
12.0,113.38975215654041,-55.497199837851575,117.39824981689436
9.0,110.38975217881256,-55.49756539620621,118.19824981689436
6.0,107.3897522010847,-55.49793095456085,118.99824981689436
3.0,104.38975222335687,-55.49829651291549,119.79824981689436
0.0,101.38975224562901,-55.498662071270125,120.59824981689435
12.853057636371195,97.03397310359782,-55.09863552059612,121.39824981689435
9.853057636371195,94.42964468886694,-53.64595104788644,122.19824981689435
6.0950785791189155,93.14335673558278,-52.110587861357686,122.99824981689434
3.0950785791189155,92.37748862418657,-49.245120712439444,123.79824981689434
0.0,92.37701813297217,-46.150042169080855,124.59824981689434
32.6,92.37666693095622,-43.8396954705023,125.39824981689434
29.6,92.3762108928922,-40.83969550516409,126.19824981689433
26.6,92.37575485482819,-37.839695539825875,126.99824981689433
23.6,92.37529881676417,-34.839695574487656,127.79824981689433
