s,x,y,t
154.4,257.88743736838836,-326.6064962267313,60.19908905029297
151.86723783398162,253.48743739347753,-326.6060263492897,60.69908905029297
148.86723783398162,250.4874374105838,-326.60570597830684,61.19908905029297
145.86723783398162,247.48743742769005,-326.60538560732397,61.69908905029297
142.86723783398162,244.4874374447963,-326.6050652363411,62.19908905029297
139.86723783398162,241.48743746190257,-326.6047448653582,62.69908905029297
136.86723783398162,238.48743747900886,-326.60442449437534,63.19908905029297
133.86723783398162,235.48743749611512,-326.6041041233924,63.69908905029297
130.86723783398162,232.48743751322138,-326.6037837524095,64.19908905029297
127.86723783398162,229.4874375303276,-326.60346338142665,64.69908905029297
124.86723783398162,226.4874375474339,-326.6031430104438,65.19908905029297
121.86723783398162,223.48743756454016,-326.6028226394609,65.69908905029297
118.86723783398162,220.48743758164642,-326.602502268478,66.19908905029297
115.86723783398162,217.48743759875268,-326.60218189749514,66.69908905029297
112.86723783398162,214.48743761585894,-326.60186152651227,67.19908905029297
109.86723783398162,211.4874376329652,-326.6015411555294,67.69908905029297
106.86723783398162,208.48743765007146,-326.6012207845465,68.19908905029297
103.86723783398162,205.48743766717772,-326.6009004135636,68.69908905029297
100.86723783398162,202.48743768428398,-326.6005800425807,69.19908905029297
97.86723783398162,199.48743770139023,-326.6002596715978,69.69908905029297
94.86723783398162,196.4874377184965,-326.59993930061495,70.19908905029297
91.86723783398162,193.48743773560278,-326.5996189296321,70.69908905029297
88.86723783398162,190.487437752709,-326.5992985586492,71.19908905029297
85.86723783398162,187.4874377698153,-326.5989781876663,71.69908905029297
82.86723783398162,184.48743778692153,-326.59865781668344,72.19908905029297
79.86723783398162,181.48743780402782,-326.59833744570057,72.69908905029297
76.86723783398162,178.48743782113405,-326.5980170747177,73.19908905029297
73.86723783398162,175.48743783824034,-326.59769670373475,73.69908905029297
70.86723783398162,172.48743785534657,-326.5973763327519,74.19908905029297
67.86723783398162,169.48743787245286,-326.597055961769,74.69908905029297
64.86723783398162,166.48743788955912,-326.5967355907861,75.19908905029297
61.86723783398162,163.48743790666538,-326.59641521980325,75.69908905029297
58.86723783398162,160.48743792377164,-326.59609484882037,76.19908905029297
55.86723783398162,157.4874379408779,-326.5957744778375,76.69908905029297
52.86723783398162,154.48743795798416,-326.5954541068546,77.19908905029297
49.86723783398162,151.48743797509042,-326.59513373587174,77.69908905029297
46.86723783398162,148.48743799219667,-326.59481336488886,78.19908905029297
43.86723783398162,145.48743800930293,-326.59449299390593,78.69908905029297
40.86723783398162,142.4874380264092,-326.59417262292305,79.19908905029297
37.86723783398162,139.48743804351545,-326.5938522519402,79.69908905029297
34.86723783398162,136.48743806062174,-326.5935318809573,80.19908905029297
31.86723783398162,133.48743807772797,-326.5932115099744,80.69908905029297
28.86723783398162,130.48743809483426,-326.59289113899155,81.19908905029297
25.86723783398162,127.4874381119405,-326.59257076800867,81.69908905029297
22.86723783398162,124.48743812904677,-326.5922503970258,82.19908905029297
19.86723783398162,121.48743814615302,-326.5919300260429,82.69908905029297
16.86723783398162,118.4874381632593,-326.59160965506004,83.19908905029297
13.86723783398162,115.48743818036556,-326.5912892840771,83.69908905029297
10.86723783398162,112.48743819747182,-326.59096891309423,84.19908905029297
7.867237833981619,109.48743821457808,-326.59064854211135,84.69908905029297
4.867237833981619,106.48743823168434,-326.5903281711285,85.19908905029297
1.8672378339816191,103.4874382487906,-326.5900078001456,85.69908905029297
17.551453720240705,101.42699649583766,-326.5889498283446,86.19908905029297
11.880379916446886,97.4798522793218,-325.6698401827893,86.69908905029297
8.880379916446886,95.0574665126749,-323.9239300988081,87.19908905029297
3.1936267017281708,92.90579959957692,-320.4402921524038,87.69908905029297
0.19362670172817076,92.41826582050713,-317.4937543246605,88.19908905029297
105.0,92.41763283024697,-313.329692356834,88.69908905029297
102.0,92.41717679218296,-310.32969239149577,89.19908905029297
99.0,92.41672075411894,-307.3296924261576,89.69908905029297
96.0,92.41626471605491,-304.3296924608194,90.19908905029297
93.0,92.4158086779909,-301.32969249548114,90.69908905029297
90.0,92.41535263992688,-298.32969253014295,91.19908905029297
87.0,92.41489660186286,-295.32969256480476,91.69908905029297
84.0,92.41444056379885,-292.3296925994665,92.19908905029297
81.0,92.41398452573483,-289.32969263412826,92.69908905029297
78.0,92.4135284876708,-286.3296926687901,93.19908905029297
75.0,92.41307244960679,-283.3296927034519,93.69908905029297
72.0,92.41261641154277,-280.32969273811364,94.19908905029297
69.0,92.41216037347876,-277.32969277277545,94.69908905029297
66.0,92.41170433541474,-274.32969280743725,95.19908905029297
63.0,92.41124829735072,-271.329692842099,95.69908905029297
60.0,92.4107922592867,-268.3296928767608,96.19908905029297
57.0,92.41033622122268,-265.32969291142257,96.69908905029297
54.0,92.40988018315866,-262.3296929460844,97.19908905029297
51.0,92.40942414509465,-259.32969298074613,97.69908905029297
48.0,92.40896810703063,-256.32969301540794,98.19908905029297
45.0,92.40851206896662,-253.32969305006972,98.69908905029297
42.0,92.40805603090259,-250.3296930847315,99.19908905029297
39.0,92.40759999283857,-247.3296931193933,99.69908905029297
36.0,92.40714395477455,-244.3296931540551,100.19908905029297
33.0,92.40668791671054,-241.32969318871687,100.69908905029297
30.0,92.40623187864652,-238.32969322337865,101.19908905029297
27.0,92.4057758405825,-235.32969325804044,101.69908905029297
24.0,92.40531980251848,-232.32969329270225,102.19908905029297
21.0,92.40486376445446,-229.32969332736403,102.69908905029297
18.0,92.40440772639045,-226.3296933620258,103.19908905029297
15.0,92.40395168832643,-223.3296933966876,103.69908905029297
12.0,92.40349565026241,-220.32969343134937,104.19908905029297
9.0,92.4030396121984,-217.32969346601115,104.69908905029297
6.0,92.40258357413437,-214.32969350067296,105.19908905029297
3.0,92.40212753607035,-211.32969353533474,105.69908905029297
0.0,92.40167149800634,-208.32969356999652,106.19908905029297
17.0,92.40091143456632,-203.32969362776623,106.69908905029297
14.0,92.40045539650231,-200.329693662428,107.19908905029297
11.0,92.3999993584383,-197.3296936970898,107.69908905029297
7.999999999999943,92.39954332037426,-194.32969373175155,108.19908905029297
4.999999999999943,92.39908728231025,-191.32969376641333,108.69908905029297
1.9999999999999432,92.39863124424623,-188.3296938010751,109.19908905029297
42.0,92.39794870727707,-183.83969385295228,109.69908905029297
39.0,92.39749266921305,-180.83969388761406,110.19908905029297
36.0,92.39703663114904,-177.83969392227584,110.69908905029297
33.0,92.39658059308502,-174.83969395693762,111.19908905029297
30.0,92.396124555021,-171.8396939915994,111.69908905029297
27.0,92.39566851695699,-168.83969402626118,112.19908905029297
24.0,92.39521247889296,-165.83969406092297,112.69908905029297
21.0,92.39475644082894,-162.83969409558478,113.19908905029297
18.0,92.39430040276493,-159.83969413024656,113.69908905029297
15.0,92.39384436470091,-156.83969416490834,114.19908905029297
12.0,92.3933883266369,-153.83969419957012,114.69908905029297
9.0,92.39293228857288,-150.8396942342319,115.19908905029297
6.0,92.39247625050885,-147.8396942688937,115.69908905029297
3.0,92.39202021244483,-144.8396943035555,116.19908905029297
0.0,92.39156417438082,-141.83969433821727,116.69908905029297
18.0,92.3909561236288,-137.83969438443302,117.19908905029297
15.0,92.39050008556478,-134.8396944190948,117.69908905029297
12.0,92.39004404750077,-131.83969445375658,118.19908905029297
9.0,92.38958800943675,-128.83969448841836,118.69908905029297
6.0,92.38913197137272,-125.83969452308015,119.19908905029297
3.0,92.3886759333087,-122.83969455774195,119.69908905029297
0.0,92.38821989524469,-119.83969459240373,120.19908905029297
48.0,92.38765896842595,-116.14969463503772,120.69908905029297
45.0,92.38720293036194,-113.1496946696995,121.19908905029297
42.0,92.38674689229791,-110.1496947043613,121.69908905029297
39.0,92.38629085423389,-107.14969473902309,122.19908905029297
36.0,92.38583481616988,-104.14969477368487,122.69908905029297
33.0,92.38537877810586,-101.14969480834665,123.19908905029297
30.0,92.38492274004184,-98.14969484300843,123.69908905029297
27.0,92.38446670197783,-95.14969487767023,124.19908905029297
24.0,92.3840106639138,-92.14969491233201,124.69908905029297
21.0,92.38355462584978,-89.1496949469938,125.19908905029297
18.0,92.38309858778577,-86.14969498165559,125.69908905029297
15.0,92.38264254972175,-83.14969501631737,126.19908905029297
12.0,92.38218651165774,-80.14969505097915,126.69908905029297
9.0,92.38173047359372,-77.14969508564094,127.19908905029297
6.0,92.38127443552969,-74.14969512030272,127.69908905029297
3.0,92.38081839746567,-71.14969515496452,128.19908905029297
0.0,92.38036235940166,-68.1496951896263,128.69908905029297
14.808809577132845,92.37978959044567,-64.3817929382285,129.19908905029297
9.195591333874669,93.95665892587755,-60.96493273113723,129.69908905029297
3.4547970539514647,97.93515535682423,-59.49908305322099,130.19908905029297
0.0,101.3899523851271,-59.49866207657878,130.69908905029297
3.0,104.39023963449638,-59.49829648321929,131.19908905029297
6.0,107.39023961222422,-59.497930924864654,131.69908905029297
9.0,110.39023958995207,-59.49756536651002,132.19908905029297
12.0,113.39023956767993,-59.49719980815538,132.69908905029297
15.0,116.39023954540777,-59.49683424980074,133.19908905029297
18.0,119.39023952313562,-59.4964686914461,133.69908905029297
21.0,122.39023950086346,-59.49610313309146,134.19908905029297
24.0,125.39023947859131,-59.49573757473682,134.69908905029297
27.0,128.39023945631916,-59.495372016382184,135.19908905029297
30.0,131.390239434047,-59.49500645802755,135.69908905029297
33.0,134.39023941177487,-59.49464089967291,136.19908905029297
36.0,137.3902393895027,-59.49427534131827,136.69908905029297
39.0,140.39023936723055,-59.493909782963634,137.19908905029297
43.60000000000001,144.99023933307993,-59.49334926015319,137.69908905029297
2.6850503711150826,147.67528968426106,-59.493022079287925,138.19908905029297
5.685050371115082,150.6356612644918,-59.0725989947971,138.69908905029297
10.613226565407384,154.88983045100682,-56.673010799336026,139.19908905029297
12.123239348474321,156.74866291743027,-54.333448353563476,139.69908905029297
17.13868719485779,158.01975173599135,-49.53906755183683,140.19908905029297
18.826108123130147,158.02380464217234,-46.20271689745496,140.69908905029297
33.0,158.02645323424858,-44.02239702027605,141.19908905029297
30.0,158.0300975483005,-41.022399233781016,141.69908905029297
27.0,158.0337418623524,-38.022401447285986,142.19908905029297
24.0,158.0373861764043,-35.02240366079096,142.69908905029297
21.0,158.04103049045622,-32.02240587429593,143.19908905029297
18.0,158.04467480450816,-29.02240808780089,143.69908905029297
15.0,158.04831911856007,-26.02241030130586,144.19908905029297
12.0,158.05196343261198,-23.022412514810828,144.69908905029297
9.0,158.0556077466639,-20.022414728315795,145.19908905029297
6.0,158.0592520607158,-17.022416941820765,145.69908905029297
3.0,158.06289637476772,-14.022419155325732,146.19908905029297
0.0,158.06654068881963,-11.022421368830699,146.69908905029297
15.283908103349566,158.07088382756558,-7.447151389697402,147.19908905029297
12.242170807188048,156.88118697563635,-2.922889431374431,147.69908905029297
9.242170807188048,155.00478583171974,-0.5993417883593866,148.19908905029297
6.099933671676247,151.0193244394555,1.6169188301190776,148.69908905029297
3.099933671676247,148.0604651160656,2.0451992758173745,149.19908905029297
0.0,144.96053146204522,2.0455301294573687,149.69908905029297
3.0,141.9602239199975,2.0458503500756597,150.19908905029297
6.0,138.9602239370842,2.0461705378684005,150.69908905029297
9.0,135.9602239541709,2.0464907256611413,151.19908905029297
12.0,132.96022397125762,2.046810913453882,151.69908905029297
15.0,129.96022398834432,2.047131101246623,152.19908905029297
18.0,126.96022400543102,2.0474512890393637,152.69908905029297
21.0,123.96022402251772,2.0477714768321045,153.19908905029297
24.0,120.96022403960443,2.0480916646248453,153.69908905029297
27.0,117.96022405669113,2.048411852417586,154.19908905029297
30.0,114.96022407377784,2.048732040210327,154.69908905029297
33.0,111.96022409086453,2.0490522280030676,155.19908905029297
36.0,108.96022410795123,2.0493724157958084,155.69908905029297
41.771856710381215,103.18836743044403,2.049988441815846,156.19908905029297
4.109999999999946,98.57935909563297,2.048533302043135,156.69908905029297
