s,x,y,t
18.506957461442813,166.98989220026476,-59.49066854116504,30.198835372924805
3.0,170.17023914614234,-59.49028100702992,30.898835372924804
6.0,173.1702391238702,-59.48991544867528,31.598835372924803
9.0,176.17023910159804,-59.489549890320646,32.298835372924806
12.0,179.17023907932588,-59.48918433196601,32.99883537292481
15.0,182.17023905705375,-59.48881877361137,33.69883537292481
18.0,185.1702390347816,-59.488453215256726,34.398835372924815
21.0,188.17023901250943,-59.48808765690209,35.09883537292482
24.0,191.1702389902373,-59.48772209854745,35.79883537292482
27.0,194.17023896796513,-59.48735654019281,36.49883537292482
30.0,197.17023894569297,-59.486990981838176,37.198835372924826
33.0,200.1702389234208,-59.48662542348354,37.89883537292483
36.0,203.17023890114868,-59.4862598651289,38.59883537292483
39.0,206.17023887887652,-59.48589430677426,39.298835372924835
42.0,209.17023885660439,-59.485528748419625,39.99883537292484
45.0,212.17023883433222,-59.48516319006499,40.69883537292484
48.0,215.17023881206006,-59.48479763171035,41.39883537292484
51.0,218.1702387897879,-59.484432073355705,42.098835372924846
54.0,221.17023876751577,-59.48406651500107,42.79883537292485
57.0,224.1702387452436,-59.48370095664643,43.49883537292485
60.0,227.17023872297148,-59.48333539829179,44.198835372924854
63.0,230.17023870069931,-59.482969839937155,44.89883537292486
66.0,233.17023867842715,-59.48260428158252,45.59883537292486
69.0,236.170238656155,-59.48223872322788,46.29883537292486
72.0,239.17023863388286,-59.48187316487324,46.998835372924866
75.0,242.1702386116107,-59.481507606518605,47.69883537292487
78.0,245.17023858933857,-59.48114204816397,48.39883537292487
81.0,248.1702385670664,-59.48077648980933,49.098835372924874
84.0,251.17023854479424,-59.480410931454685,49.79883537292488
87.0,254.17023852252208,-59.48004537310005,50.49883537292488
90.0,257.1702385002499,-59.47967981474541,51.19883537292488
93.0,260.1702384779778,-59.47931425639077,51.898835372924886
96.0,263.17023845570566,-59.478948698036135,52.59883537292489
99.0,266.1702384334335,-59.4785831396815,53.29883537292489
102.0,269.17023841116134,-59.47821758132686,53.998835372924894
105.0,272.1702383888892,-59.47785202297222,54.6988353729249
108.0,275.170238366617,-59.477486464617584,55.3988353729249
111.0,278.17023834434485,-59.47712090626295,56.0988353729249
114.0,281.17023832207275,-59.47675534790831,56.798835372924906
117.0,284.1702382998006,-59.47638978955367,57.49883537292491
120.0,287.1702382775284,-59.47602423119903,58.19883537292491
123.0,290.17023825525627,-59.47565867284439,58.898835372924914
126.0,293.1702382329841,-59.47529311448975,59.59883537292492
129.0,296.170238210712,-59.474927556135114,60.29883537292492
132.0,299.17023818843984,-59.47456199778048,60.99883537292492
135.0,302.1702381661677,-59.47419643942584,61.698835372924925
138.0,305.1702381438955,-59.4738308810712,62.39883537292493
141.0,308.17023812162336,-59.473465322716564,63.09883537292493
144.0,311.1702380993512,-59.473099764361926,63.798835372924934
147.0,314.17023807707903,-59.47273420600729,64.49883537292493
150.0,317.1702380548069,-59.47236864765265,65.19883537292493
153.0,320.17023803253477,-59.472003089298006,65.89883537292494
157.99,325.1602379954887,-59.47139504390146,66.59883537292494
4.761612179921022,329.89169487995883,-59.10401421409891,67.29883537292494
7.761612179921022,332.68296295602295,-58.02530611059832,67.99883537292494
10.98554656964468,335.29226453013274,-56.14780286625726,68.69883537292495
12.474230646544589,337.18096996106595,-53.8281260437756,69.39883537292495
15.474230646544589,338.40073385794784,-51.096773850912356,70.09883537292495
18.752081739839618,338.87101124627037,-47.864247691241154,70.79883537292496
33.0,338.87347141200746,-43.79120001470334,71.49883537292496
30.0,338.8752834447777,-40.791200561947186,72.19883537292496
27.0,338.87709547754804,-37.79120110919103,72.89883537292496
24.0,338.8789075103183,-34.79120165643487,73.59883537292497
21.0,338.8807195430886,-31.791202203678715,74.29883537292497
18.0,338.8825315758589,-28.791202750922558,74.99883537292497
15.0,338.88434360862914,-25.7912032981664,75.69883537292498
12.0,338.88615564139945,-22.791203845410244,76.39883537292498
9.0,338.8879676741697,-19.791204392654087,77.09883537292498
6.0,338.88977970694,-16.79120493989793,77.79883537292498
3.0,338.8915917397103,-13.791205487141776,78.49883537292499
0.0,338.89340377248055,-10.791206034385619,79.19883537292499
15.246261604491798,338.8955877436349,-7.17542580387709,79.89883537292499
9.300768828052696,340.63593443914556,-3.5520375979647545,80.598835372925
3.169474636631442,345.05915717129284,-1.9990000478439054,81.298835372925
0.5999999999999943,347.6286314453555,-2.0003650469673433,81.998835372925
33.0,351.58893852107576,-2.0024689075669326,82.698835372925
30.0,354.58893809775714,-2.004062617546353,83.398835372925
27.0,357.5889376744385,-2.0056563275257733,84.09883537292501
24.0,360.5889372511199,-2.0072500375051936,84.79883537292501
21.0,363.5889368278013,-2.008843747484614,85.49883537292502
18.0,366.5889364044827,-2.0104374574640342,86.19883537292502
15.0,369.58893598116407,-2.0120311674434546,86.89883537292502
12.0,372.58893555784545,-2.013624877422875,87.59883537292502
9.0,375.5889351345268,-2.0152185874022956,88.29883537292503
6.0,378.58893471120825,-2.016812297381716,88.99883537292503
3.0,381.58893428788963,-2.0184060073611363,89.69883537292503
0.0,384.588933864571,-2.0199997173405566,90.39883537292503
6.365331820312731,390.3990324152924,-4.050348059527035,91.09883537292504
13.402618981738648,392.3810650632555,-8.965301481415645,91.79883537292504
306.88773946673166,392.3778435946349,-11.649902007012301,92.49883537292504
303.88773946673166,392.3742436553473,-14.64989984708437,93.19883537292505
300.88773946673166,392.3706437160597,-17.649897687156454,93.89883537292505
297.88773946673166,392.36704377677216,-20.649895527228523,94.59883537292505
294.88773946673166,392.36344383748457,-23.649893367300606,95.29883537292505
291.88773946673166,392.35984389819697,-26.649891207372683,95.99883537292506
288.88773946673166,392.3562439589094,-29.64988904744476,96.69883537292506
285.88773946673166,392.3526440196218,-32.649886887516836,97.39883537292506
282.88773946673166,392.3490440803342,-35.64988472758891,98.09883537292507
279.88773946673166,392.3454441410466,-38.64988256766099,98.79883537292507
276.88773946673166,392.341844201759,-41.649880407733065,99.49883537292507
273.88773946673166,392.3382442624714,-44.64987824780514,100.19883537292507
270.88773946673166,392.3346443231838,-47.64987608787722,100.89883537292508
267.88773946673166,392.3310443838962,-50.649873927949294,101.59883537292508
264.88773946673166,392.3274444446086,-53.64987176802137,102.29883537292508
261.88773946673166,392.323844505321,-56.649869608093454,102.99883537292509
258.88773946673166,392.3202445660334,-59.64986744816552,103.69883537292509
255.8877394667317,392.3166446267458,-62.649865288237606,104.39883537292509
252.8877394667317,392.3130446874583,-65.64986312830968,105.0988353729251
249.8877394667317,392.3094447481707,-68.64986096838176,105.7988353729251
246.8877394667317,392.3058448088831,-71.64985880845383,106.4988353729251
243.8877394667317,392.3022448695955,-74.64985664852591,107.1988353729251
240.8877394667317,392.2986449303079,-77.64985448859798,107.8988353729251
237.8877394667317,392.2950449910203,-80.64985232867006,108.59883537292511
234.8877394667317,392.2914450517327,-83.64985016874213,109.29883537292511
231.8877394667317,392.2878451124451,-86.64984800881422,109.99883537292511
227.70439757920866,392.2882287853158,-90.8360116907424,110.69883537292512
224.70439757920866,392.28886187095856,-93.83601162394282,111.39883537292512
221.70439757920866,392.28949495660123,-96.83601155714325,112.09883537292512
218.70439757920866,392.2901280422439,-99.83601149034368,112.79883537292513
215.70439757920866,392.2907611278866,-102.83601142354411,113.49883537292513
212.70439757920866,392.2913942135293,-105.83601135674454,114.19883537292513
209.70439757920866,392.292027299172,-108.83601128994496,114.89883537292513
206.70439757920866,392.29266038481467,-111.83601122314539,115.59883537292514
203.70439757920866,392.29329347045734,-114.8360111563458,116.29883537292514
200.70439757920866,392.2939265561,-117.83601108954623,116.99883537292514
197.70439757920866,392.29455964174275,-120.83601102274666,117.69883537292515
194.70439757920866,392.2951927273854,-123.83601095594709,118.39883537292515
191.70439757920866,392.2958258130281,-126.83601088914752,119.09883537292515
188.70439757920866,392.2964588986708,-129.83601082234793,119.79883537292515
185.70439757920866,392.29709198431345,-132.8360107555484,120.49883537292516
182.70439757920866,392.2977250699562,-135.8360106887488,121.19883537292516
179.70439757920866,392.29835815559886,-138.83601062194924,121.89883537292516
176.70439757920866,392.29899124124154,-141.83601055514964,122.59883537292517
173.70439757920866,392.2996243268842,-144.8360104883501,123.29883537292517
170.70439757920866,392.30025741252695,-147.8360104215505,123.99883537292517
167.70439757920866,392.3008904981696,-150.83601035475095,124.69883537292517
164.70439757920866,392.3015235838123,-153.83601028795135,125.39883537292518
161.70439757920866,392.302156669455,-156.8360102211518,126.09883537292518
158.70439757920866,392.30278975509765,-159.8360101543522,126.79883537292518
