s,x,y,t
148.20000000000002,2.017522404836151,-236.2658073774058,25.199260711669922
222.1068779219322,2.0153287641057385,-232.06580795027008,25.89926071166992
219.1068779219322,2.0137618778697295,-229.06580835945886,26.59926071166992
216.1068779219322,2.0121949916337205,-226.06580876864763,27.29926071166992
213.1068779219322,2.0106281053977115,-223.0658091778364,27.99926071166992
210.1068779219322,2.009061219161702,-220.06580958702517,28.69926071166992
207.1068779219322,2.007494332925693,-217.06580999621394,29.399260711669918
204.1068779219322,2.005927446689684,-214.06581040540271,30.099260711669917
201.1068779219322,2.004360560453675,-211.0658108145915,30.799260711669916
198.1068779219322,2.002793674217666,-208.06581122378026,31.499260711669915
195.1068779219322,2.001226787981657,-205.06581163296903,32.199260711669915
192.1068779219322,1.999659901745648,-202.0658120421578,32.89926071166992
189.1068779219322,1.998093015509639,-199.0658124513466,33.59926071166992
186.1068779219322,1.99652612927363,-196.06581286053537,34.29926071166992
183.1068779219322,1.994959243037621,-193.06581326972415,34.999260711669926
180.1068779219322,1.9933923568016119,-190.06581367891292,35.69926071166993
177.1068779219322,1.9918254705656029,-187.0658140881017,36.39926071166993
174.1068779219322,1.990258584329594,-184.06581449729046,37.099260711669935
171.1068779219322,1.988691698093585,-181.06581490647923,37.79926071166994
168.1068779219322,1.9871248118575757,-178.06581531566803,38.49926071166994
165.1068779219322,1.9855579256215667,-175.0658157248568,39.19926071166994
162.1068779219322,1.9839910393855578,-172.06581613404558,39.899260711669946
159.1068779219322,1.9824241531495488,-169.06581654323435,40.59926071166995
156.1068779219322,1.9808572669135396,-166.06581695242312,41.29926071166995
153.1068779219322,1.9792903806775306,-163.0658173616119,41.999260711669955
150.1068779219322,1.9777234944415216,-160.06581777080066,42.69926071166996
147.1068779219322,1.9761566082055126,-157.06581817998944,43.39926071166996
144.1068779219322,1.9745897219695034,-154.0658185891782,44.09926071166996
141.1068779219322,1.9730228357334945,-151.06581899836698,44.799260711669966
138.1068779219322,1.9714559494974855,-148.06581940755575,45.49926071166997
135.1068779219322,1.9698890632614765,-145.06581981674452,46.19926071166997
132.1068779219322,1.9683221770254673,-142.0658202259333,46.899260711669974
129.1068779219322,1.9667552907894583,-139.06582063512207,47.59926071166998
126.10687792193221,1.9651884045534493,-136.06582104431084,48.29926071166998
123.10687792193221,1.9636215183174404,-133.0658214534996,48.99926071166998
120.10687792193221,1.9620546320814312,-130.06582186268838,49.699260711669986
117.10687792193221,1.9604877458454222,-127.06582227187717,50.39926071166999
114.10687792193221,1.9589208596094132,-124.06582268106594,51.09926071166999
111.10687792193221,1.9573539733734042,-121.06582309025472,51.799260711669994
108.10687792193221,1.955787087137395,-118.0658234994435,52.49926071167
105.10687792193221,1.954220200901386,-115.06582390863227,53.19926071167
102.10687792193221,1.952653314665377,-112.06582431782104,53.89926071167
99.10687792193221,1.951086428429368,-109.06582472700981,54.599260711670006
96.10687792193221,1.9495195421933589,-106.06582513619858,55.29926071167001
93.10687792193221,1.94795265595735,-103.06582554538736,55.99926071167001
90.10687792193221,1.946385769721341,-100.06582595457613,56.699260711670014
87.10687792193221,1.944818883485332,-97.0658263637649,57.39926071167002
84.10687792193221,1.9432519972493227,-94.06582677295368,58.09926071167002
81.10687792193221,1.9416851110133138,-91.06582718214246,58.79926071167002
78.10687792193221,1.9401182247773048,-88.06582759133123,59.499260711670026
75.0,1.941109252777423,-84.96076488968872,60.19926071167003
72.0,1.94226487675774,-81.96076511226651,60.89926071167003
69.0,1.943420500738057,-78.96076533484433,61.599260711670034
66.0,1.944576124718374,-75.96076555742214,62.29926071167004
63.0,1.945731748698691,-72.96076577999993,62.99926071167004
60.0,1.9468873726790081,-69.96076600257774,63.69926071167004
57.0,1.9480429966593251,-66.96076622515554,64.39926071167004
54.0,1.949198620639642,-63.96076644773335,65.09926071167004
51.0,1.950354244619959,-60.96076667031116,65.79926071167004
48.0,1.951509868600276,-57.96076689288896,66.49926071167005
45.0,1.952665492580593,-54.960767115466766,67.19926071167005
42.0,1.9538211165609103,-51.960767338044576,67.89926071167005
39.0,1.9549767405412273,-48.96076756062238,68.59926071167006
36.0,1.9561323645215443,-45.96076778320018,69.29926071167006
33.0,1.9572879885018613,-42.96076800577799,69.99926071167006
30.0,1.9584436124821782,-39.960768228355796,70.69926071167006
27.0,1.9595992364624952,-36.9607684509336,71.39926071167007
24.0,1.9607548604428124,-33.96076867351141,72.09926071167007
21.0,1.9619104844231294,-30.960768896089213,72.79926071167007
18.0,1.9630661084034464,-27.960769118667017,73.49926071167008
15.0,1.9642217323837634,-24.960769341244823,74.19926071167008
12.0,1.9653773563640804,-21.96076956382263,74.89926071167008
9.0,1.9665329803443974,-18.960769786400434,75.59926071167008
6.0,1.9676886043247146,-15.96077000897824,76.29926071167009
3.0,1.9688442283050316,-12.960770231556046,76.99926071167009
0.0,1.9699998522853486,-9.96077045413385,77.69926071167009
6.640020430292893,4.071115542367507,-3.9294349959796913,78.3992607116701
13.970048891163259,9.227495772334422,-1.9805875604122347,79.0992607116701
66.0,13.380667262992077,-1.9792340010240452,79.7992607116701
63.0,16.380667103666276,-1.9782562716049374,80.4992607116701
60.0,19.38066694434047,-1.9772785421858299,81.1992607116701
57.0,22.38066678501466,-1.976300812766722,81.89926071167011
54.0,25.380666625688853,-1.9753230833476145,82.59926071167011
51.0,28.380666466363046,-1.9743453539285067,83.29926071167012
48.0,31.380666307037238,-1.973367624509399,83.99926071167012
45.0,34.38066614771143,-1.9723898950902914,84.69926071167012
42.0,37.38066598838562,-1.9714121656711836,85.39926071167012
39.0,40.380665829059815,-1.970434436252076,86.09926071167013
36.0,43.38066566973401,-1.9694567068329683,86.79926071167013
33.0,46.3806655104082,-1.9684789774138605,87.49926071167013
30.0,49.3806653510824,-1.967501247994753,88.19926071167014
27.0,52.38066519175659,-1.9665235185756451,88.89926071167014
24.0,55.380665032430784,-1.9655457891565375,89.59926071167014
21.0,58.380664873104976,-1.9645680597374298,90.29926071167014
18.0,61.38066471377917,-1.9635903303183222,90.99926071167015
15.0,64.38066455445336,-1.9626126008992144,91.69926071167015
12.0,67.38066439512755,-1.9616348714801066,92.39926071167015
9.0,70.38066423580175,-1.960657142060999,93.09926071167015
6.0,73.38066407647594,-1.9596794126418913,93.79926071167016
3.0,76.38066391715013,-1.9587016832227837,94.49926071167016
0.0,79.38066375782432,-1.957723953803676,95.19926071167016
15.916904576466848,82.5299989509774,-1.9566975545261653,95.89926071167017
9.951317674967601,86.70460108235888,-3.5019450424682113,96.59926071167017
4.11198853654097,88.37108624373495,-7.1280168975185445,97.29926071167017
0.5699999999999967,88.37162467093327,-10.670005393135638,97.99926071167017
3.0,88.37216740160696,-14.240303863250613,98.69926071167018
6.0,88.37262343967097,-17.24030382858883,99.39926071167018
9.0,88.373079477735,-20.24030379392704,100.09926071167018
12.0,88.37353551579902,-23.240303759265252,100.79926071167019
15.0,88.37399155386304,-26.24030372460347,101.49926071167019
18.0,88.37444759192705,-29.240303689941683,102.19926071167019
21.0,88.37490362999107,-32.240303655279895,102.8992607116702
24.0,88.37535966805508,-35.24030362061811,103.5992607116702
27.0,88.37581570611911,-38.240303585956326,104.2992607116702
30.0,88.37627174418313,-41.24030355129454,104.9992607116702
34.91,88.37701812648123,-46.150303494564746,105.6992607116702
2.000000000000007,88.37732215185724,-48.150303471456894,106.39926071167021
5.000000000000007,88.37777818992129,-51.150303436795106,107.09926071167021
8.000000000000007,88.3782342279853,-54.15030340213332,107.79926071167021
11.000000000000007,88.37869026604932,-57.15030336747154,108.49926071167022
14.000000000000007,88.37914630411332,-60.15030333280974,109.19926071167022
19.79,88.38002645757688,-65.94030326591249,109.89926071167022
22.000000000000007,88.38036240561738,-68.15030324037832,110.59926071167023
3.0,88.38081844368139,-71.15030320571654,111.29926071167023
6.0,88.38127448174541,-74.15030317105474,111.99926071167023
9.0,88.38173051980944,-77.15030313639296,112.69926071167023
12.0,88.38218655787345,-80.15030310173117,113.39926071167024
15.0,88.38264259593747,-83.15030306706939,114.09926071167024
18.0,88.38309863400148,-86.1503030324076,114.79926071167024
21.0,88.3835546720655,-89.15030299774583,115.49926071167025
24.0,88.38401071012952,-92.15030296308403,116.19926071167025
27.0,88.38446674819355,-95.15030292842225,116.89926071167025
30.0,88.38492278625756,-98.15030289376045,117.59926071167025
33.0,88.38537882432158,-101.15030285909867,118.29926071167026
36.0,88.3858348623856,-104.15030282443689,118.99926071167026
39.0,88.38629090044961,-107.15030278977511,119.69926071167026
42.0,88.38674693851362,-110.15030275511332,120.39926071167027
45.0,88.38720297657765,-113.15030272045152,121.09926071167027
48.0,88.38765901464167,-116.15030268578974,121.79926071167027
51.69,88.3882199414604,-119.84030264315575,122.49926071167027
3.0,88.38867597952442,-122.84030260849397,123.19926071167028
6.0,88.38913201758844,-125.84030257383218,123.89926071167028
9.0,88.38958805565247,-128.84030253917038,124.59926071167028
12.0,88.39004409371648,-131.8403025045086,125.29926071167029
15.0,88.3905001317805,-134.84030246984682,125.99926071167029
18.0,88.39095616984451,-137.84030243518504,126.69926071167029
21.999999999999986,88.39156422059654,-141.8403023889693,127.3992607116703
3.0,88.39202025866055,-144.8403023543075,128.0992607116703
6.0,88.39247629672457,-147.84030231964573,128.79926071167029
9.0,88.3929323347886,-150.84030228498392,129.49926071167027
12.0,88.39338837285261,-153.84030225032214,130.19926071167026
15.0,88.39384441091663,-156.84030221566036,130.89926071167025
18.0,88.39430044898064,-159.84030218099858,131.59926071167024
21.0,88.39475648704466,-162.8403021463368,132.29926071167023
24.0,88.39521252510868,-165.840302111675,132.99926071167022
27.0,88.3956685631727,-168.8403020770132,133.6992607116702
30.0,88.39612460123672,-171.84030204235142,134.3992607116702
33.0,88.39658063930074,-174.84030200768964,135.09926071167018
36.0,88.39703667736475,-177.84030197302786,135.79926071167017
39.0,88.39749271542877,-180.84030193836608,136.49926071167016
44.49000000000004,88.39832726508592,-186.33030187493503,137.19926071167015
4.999999999999943,88.39908732852597,-191.33030181716535,137.89926071167014
7.999999999999943,88.39954336658998,-194.33030178250357,138.59926071167013
11.0,88.399999404654,-197.33030174784182,139.29926071167012
14.0,88.40045544271803,-200.33030171318003,139.9992607116701
17.0,88.40091148078204,-203.33030167851825,140.6992607116701
20.0,88.40136751884606,-206.33030164385644,141.39926071167008
3.0,88.40212758228607,-211.33030158608676,142.09926071167007
6.0,88.40258362035009,-214.33030155142498,142.79926071167006
9.0,88.40303965841412,-217.33030151676317,143.49926071167005
12.0,88.40349569647813,-220.3303014821014,144.19926071167004
15.0,88.40395173454215,-223.3303014474396,144.89926071167002
18.0,88.40440777260616,-226.33030141277783,145.59926071167
21.0,88.40486381067018,-229.33030137811605,146.29926071167
24.0,88.4053198487342,-232.33030134345427,146.99926071167
27.0,88.40577588679822,-235.33030130879246,147.69926071166998
30.0,88.40623192486224,-238.33030127413068,148.39926071166997
33.0,88.40668796292626,-241.3303012394689,149.09926071166996
36.0,88.40714400099027,-244.3303012048071,149.79926071166994
39.0,88.40760003905429,-247.33030117014533,150.49926071166993
42.0,88.4080560771183,-250.33030113548352,151.19926071166992
45.0,88.40851211518233,-253.33030110082174,151.8992607116699
48.0,88.40896815324635,-256.33030106615996,152.5992607116699
