s,x,y,t
55.2,1.9487363710475152,-65.16076635870223,50.19866180419922
51.0,1.950354244619959,-60.96076667031116,50.69866180419922
48.0,1.951509868600276,-57.96076689288896,51.19866180419922
45.0,1.952665492580593,-54.960767115466766,51.69866180419922
42.0,1.9538211165609103,-51.960767338044576,52.19866180419922
39.0,1.9549767405412273,-48.96076756062238,52.69866180419922
36.0,1.9561323645215443,-45.96076778320018,53.19866180419922
33.0,1.9572879885018613,-42.96076800577799,53.69866180419922
30.0,1.9584436124821782,-39.960768228355796,54.19866180419922
27.0,1.9595992364624952,-36.9607684509336,54.69866180419922
24.0,1.9607548604428124,-33.96076867351141,55.19866180419922
21.0,1.9619104844231294,-30.960768896089213,55.69866180419922
18.0,1.9630661084034464,-27.960769118667017,56.19866180419922
15.0,1.9642217323837634,-24.960769341244823,56.69866180419922
12.0,1.9653773563640804,-21.96076956382263,57.19866180419922
9.0,1.9665329803443974,-18.960769786400434,57.69866180419922
6.0,1.9676886043247146,-15.96077000897824,58.19866180419922
3.0,1.9688442283050316,-12.960770231556046,58.69866180419922
0.0,1.9699998522853486,-9.96077045413385,59.19866180419922
6.640020430292893,4.071115542367507,-3.9294349959796913,59.69866180419922
13.970048891163259,9.227495772334422,-1.9805875604122347,60.19866180419922
66.0,13.380667262992077,-1.9792340010240452,60.69866180419922
63.0,16.380667103666276,-1.9782562716049374,61.19866180419922
60.0,19.38066694434047,-1.9772785421858299,61.69866180419922
57.0,22.38066678501466,-1.976300812766722,62.19866180419922
54.0,25.380666625688853,-1.9753230833476145,62.69866180419922
51.0,28.380666466363046,-1.9743453539285067,63.19866180419922
48.0,31.380666307037238,-1.973367624509399,63.69866180419922
45.0,34.38066614771143,-1.9723898950902914,64.19866180419922
42.0,37.38066598838562,-1.9714121656711836,64.69866180419922
39.0,40.380665829059815,-1.970434436252076,65.19866180419922
36.0,43.38066566973401,-1.9694567068329683,65.69866180419922
33.0,46.3806655104082,-1.9684789774138605,66.19866180419922
30.0,49.3806653510824,-1.967501247994753,66.69866180419922
27.0,52.38066519175659,-1.9665235185756451,67.19866180419922
24.0,55.380665032430784,-1.9655457891565375,67.69866180419922
21.0,58.380664873104976,-1.9645680597374298,68.19866180419922
18.0,61.38066471377917,-1.9635903303183222,68.69866180419922
15.0,64.38066455445336,-1.9626126008992144,69.19866180419922
12.0,67.38066439512755,-1.9616348714801066,69.69866180419922
9.0,70.38066423580175,-1.960657142060999,70.19866180419922
6.0,73.38066407647594,-1.9596794126418913,70.69866180419922
3.0,76.38066391715013,-1.9587016832227837,71.19866180419922
0.0,79.38066375782432,-1.957723953803676,71.69866180419922
15.916904576466848,82.5299989509774,-1.9566975545261653,72.19866180419922
9.951317674967601,86.70460108235888,-3.5019450424682113,72.69866180419922
4.11198853654097,88.37108624373495,-7.1280168975185445,73.19866180419922
0.5699999999999967,88.37162467093327,-10.670005393135638,73.69866180419922
3.0,88.37216740160696,-14.240303863250613,74.19866180419922
6.0,88.37262343967097,-17.24030382858883,74.69866180419922
9.0,88.373079477735,-20.24030379392704,75.19866180419922
12.0,88.37353551579902,-23.240303759265252,75.69866180419922
15.0,88.37399155386304,-26.24030372460347,76.19866180419922
18.0,88.37444759192705,-29.240303689941683,76.69866180419922
21.0,88.37490362999107,-32.240303655279895,77.19866180419922
24.0,88.37535966805508,-35.24030362061811,77.69866180419922
27.0,88.37581570611911,-38.240303585956326,78.19866180419922
30.0,88.37627174418313,-41.24030355129454,78.69866180419922
34.91,88.37701812648123,-46.150303494564746,79.19866180419922
2.8382848521390005,88.37744958179094,-48.98858831391041,79.69866180419922
5.838284852139001,88.7882390289214,-51.9507759292705,80.19866180419922
10.853640964212817,91.19579057962405,-56.30010032761102,80.69866180419922
12.382589711216701,93.51759839458913,-58.18107749626162,81.19866180419922
17.50599603550421,98.40747321701974,-59.49902549997395,81.69866180419922
18.81795418162054,101.38991242178116,-59.49866208144842,82.19866180419922
3.0,104.39023963449638,-59.49829648321929,82.69866180419922
6.0,107.39023961222422,-59.497930924864654,83.19866180419922
9.0,110.39023958995207,-59.49756536651002,83.69866180419922
12.0,113.39023956767993,-59.49719980815538,84.19866180419922
15.0,116.39023954540777,-59.49683424980074,84.69866180419922
18.0,119.39023952313562,-59.4964686914461,85.19866180419922
21.0,122.39023950086346,-59.49610313309146,85.69866180419922
24.0,125.39023947859131,-59.49573757473682,86.19866180419922
27.0,128.39023945631916,-59.495372016382184,86.69866180419922
30.0,131.390239434047,-59.49500645802755,87.19866180419922
33.0,134.39023941177487,-59.49464089967291,87.69866180419922
36.0,137.3902393895027,-59.49427534131827,88.19866180419922
39.0,140.39023936723055,-59.493909782963634,88.69866180419922
43.60000000000001,144.99023933307993,-59.49334926015319,89.19866180419922
2.6850503711150826,147.67528968426106,-59.493022079287925,89.69866180419922
5.685050371115082,150.6356612644918,-59.0725989947971,90.19866180419922
10.613226565407384,154.88983045100682,-56.673010799336026,90.69866180419922
12.123239348474321,156.74866291743027,-54.333448353563476,91.19866180419922
17.13868719485779,158.01975173599135,-49.53906755183683,91.69866180419922
18.826108123130147,158.02380464217234,-46.20271689745496,92.19866180419922
33.0,158.02645323424858,-44.02239702027605,92.69866180419922
30.0,158.0300975483005,-41.022399233781016,93.19866180419922
27.0,158.0337418623524,-38.022401447285986,93.69866180419922
24.0,158.0373861764043,-35.02240366079096,94.19866180419922
21.0,158.04103049045622,-32.02240587429593,94.69866180419922
18.0,158.04467480450816,-29.02240808780089,95.19866180419922
15.0,158.04831911856007,-26.02241030130586,95.69866180419922
12.0,158.05196343261198,-23.022412514810828,96.19866180419922
9.0,158.0556077466639,-20.022414728315795,96.69866180419922
6.0,158.0592520607158,-17.022416941820765,97.19866180419922
3.0,158.06289637476772,-14.022419155325732,97.69866180419922
0.0,158.06654068881963,-11.022421368830699,98.19866180419922
15.283908103349566,158.07088382756558,-7.447151389697402,98.69866180419922
12.242170807188048,156.88118697563635,-2.922889431374431,99.19866180419922
9.242170807188048,155.00478583171974,-0.5993417883593866,99.69866180419922
6.099933671676247,151.0193244394555,1.6169188301190776,100.19866180419922
3.099933671676247,148.0604651160656,2.0451992758173745,100.69866180419922
0.0,144.96053146204522,2.0455301294573687,101.19866180419922
3.0,141.9602239199975,2.0458503500756597,101.69866180419922
6.0,138.9602239370842,2.0461705378684005,102.19866180419922
9.0,135.9602239541709,2.0464907256611413,102.69866180419922
12.0,132.96022397125762,2.046810913453882,103.19866180419922
15.0,129.96022398834432,2.047131101246623,103.69866180419922
18.0,126.96022400543102,2.0474512890393637,104.19866180419922
21.0,123.96022402251772,2.0477714768321045,104.69866180419922
24.0,120.96022403960443,2.0480916646248453,105.19866180419922
27.0,117.96022405669113,2.048411852417586,105.69866180419922
30.0,114.96022407377784,2.048732040210327,106.19866180419922
33.0,111.96022409086453,2.0490522280030676,106.69866180419922
36.0,108.96022410795123,2.0493724157958084,107.19866180419922
41.771856710381215,103.18836743044403,2.049988441815846,107.69866180419922
3.0,99.68935903996314,2.0488950619292736,108.19866180419922
6.0,96.68935919928894,2.0479173325101656,108.69866180419922
9.0,93.68935935861475,2.046939603091058,109.19866180419922
12.0,90.68935951794056,2.0459618736719505,109.69866180419922
15.0,87.68935967726637,2.044984144252843,110.19866180419922
18.0,84.68935983659217,2.044006414833735,110.69866180419922
23.310000000000002,79.37936011859885,2.0422758337619142,111.19866180419922
3.0,76.37936027792465,2.0412981043428067,111.69866180419922
6.0,73.37936043725045,2.0403203749236987,112.19866180419922
9.0,70.37936059657626,2.039342645504591,112.69866180419922
12.0,67.37936075590207,2.0383649160854835,113.19866180419922
15.0,64.37936091522788,2.037387186666376,113.69866180419922
18.0,61.379361074553685,2.036409457247268,114.19866180419922
21.0,58.37936123387949,2.0354317278281604,114.69866180419922
24.0,55.3793613932053,2.034453998409053,115.19866180419922
27.0,52.37936155253111,2.033476268989945,115.69866180419922
30.0,49.379361711856916,2.0324985395708373,116.19866180419922
33.0,46.37936187118272,2.0315208101517297,116.69866180419922
36.0,43.379362030508524,2.0305430807326217,117.19866180419922
39.0,40.37936218983433,2.029565351313514,117.69866180419922
42.0,37.37936234916014,2.0285876218944066,118.19866180419922
45.0,34.37936250848595,2.027609892475299,118.69866180419922
48.0,31.379362667811755,2.026632163056191,119.19866180419922
51.0,28.379362827137562,2.0256544336370834,119.69866180419922
54.0,25.37936298646337,2.024676704217976,120.19866180419922
57.0,22.379363145789178,2.023698974798868,120.69866180419922
60.0,19.379363305114985,2.0227212453797603,121.19866180419922
63.0,16.379363464440793,2.0217435159606527,121.69866180419922
68.35001583193343,11.029347916639225,2.019999893336795,122.19866180419922
14.336081040933612,6.723244883821156,1.7501297116210228,122.69866180419922
11.336081040933612,3.903699270653215,0.7492244303777849,123.19866180419922
8.336081040933612,1.426424699554488,-0.9285000839995998,123.69866180419922
7.382597028374351,-0.312815325198617,-2.917405038037507,124.19866180419922
4.382597028374351,-1.5903047826830239,-5.6198711611623935,124.69866180419922
1.3825970283743512,-2.0294672635172084,-8.576632696364214,125.19866180419922
3.0,-2.031155474924561,-12.95922939958229,125.69866180419922
6.0,-2.032311098904878,-15.959229177004485,126.19866180419922
9.0,-2.033466722885195,-18.959228954426678,126.69866180419922
12.0,-2.034622346865512,-21.959228731848874,127.19866180419922
15.0,-2.035777970845829,-24.959228509271068,127.69866180419922
18.0,-2.0369335948261464,-27.95922828669326,128.19866180419922
21.0,-2.0380892188064634,-30.959228064115457,128.69866180419922
24.0,-2.0392448427867804,-33.959227841537654,129.19866180419922
27.0,-2.0404004667670974,-36.959227618959844,129.69866180419922
30.0,-2.0415560907474144,-39.95922739638204,130.19866180419922
33.0,-2.0427117147277314,-42.95922717380424,130.69866180419922
36.0,-2.0438673387080484,-45.95922695122643,131.19866180419922
39.0,-2.0450229626883654,-48.95922672864862,131.69866180419922
42.0,-2.0461785866686824,-51.95922650607082,132.19866180419922
45.0,-2.0473342106489993,-54.95922628349301,132.69866180419922
48.0,-2.0484898346293163,-57.959226060915206,133.19866180419922
51.0,-2.0496454586096333,-60.9592258383374,133.69866180419922
54.0,-2.0508010825899508,-63.95922561575959,134.19866180419922
57.0,-2.0519567065702677,-66.95922539318178,134.69866180419922
60.0,-2.0531123305505847,-69.95922517060399,135.19866180419922
63.0,-2.0542679545309017,-72.95922494802618,135.69866180419922
66.0,-2.0554235785112187,-75.95922472544838,136.19866180419922
69.0,-2.0565792024915357,-78.95922450287057,136.69866180419922
72.0,-2.0577348264718527,-81.95922428029276,137.19866180419922
77.65312620265401,-2.0599124558730346,-87.61235006352663,137.69866180419922
81.10687792193221,-2.0583143434016544,-91.06791636379047,138.19866180419922
84.10687792193221,-2.0567474571656454,-94.0679159546017,138.69866180419922
87.10687792193221,-2.0551805709296365,-97.06791554541292,139.19866180419922
90.10687792193221,-2.0536136846936275,-100.06791513622414,139.69866180419922
93.10687792193221,-2.052046798457618,-103.06791472703537,140.19866180419922
96.10687792193221,-2.050479912221609,-106.0679143178466,140.69866180419922
99.10687792193221,-2.0489130259856,-109.06791390865783,141.19866180419922
102.10687792193221,-2.047346139749591,-112.06791349946906,141.69866180419922
105.10687792193221,-2.045779253513582,-115.06791309028029,142.19866180419922
108.10687792193221,-2.044212367277573,-118.06791268109151,142.69866180419922
111.10687792193221,-2.042645481041564,-121.06791227190274,143.19866180419922
114.10687792193221,-2.041078594805555,-124.06791186271396,143.69866180419922
117.10687792193221,-2.039511708569546,-127.06791145352518,144.19866180419922
120.10687792193221,-2.037944822333537,-130.06791104433643,144.69866180419922
123.10687792193221,-2.036377936097528,-133.06791063514765,145.19866180419922
126.10687792193221,-2.034811049861519,-136.06791022595885,145.69866180419922
129.1068779219322,-2.03324416362551,-139.06790981677008,146.19866180419922
132.1068779219322,-2.031677277389501,-142.0679094075813,146.69866180419922
135.1068779219322,-2.030110391153492,-145.06790899839254,147.19866180419922
138.1068779219322,-2.028543504917483,-148.06790858920377,147.69866180419922
141.1068779219322,-2.0269766186814735,-151.067908180015,148.19866180419922
144.1068779219322,-2.0254097324454645,-154.06790777082622,148.69866180419922
147.1068779219322,-2.0238428462094555,-157.06790736163745,149.19866180419922
150.1068779219322,-2.0222759599734466,-160.06790695244865,149.69866180419922
153.1068779219322,-2.0207090737374376,-163.06790654325988,150.19866180419922
156.1068779219322,-2.0191421875014286,-166.0679061340711,150.69866180419922
159.1068779219322,-2.0175753012654196,-169.06790572488234,151.19866180419922
162.1068779219322,-2.0160084150294106,-172.06790531569357,151.69866180419922
165.1068779219322,-2.014441528793401,-175.0679049065048,152.19866180419922
168.1068779219322,-2.0128746425573922,-178.06790449731602,152.69866180419922
171.1068779219322,-2.0113077563213833,-181.06790408812725,153.19866180419922
174.1068779219322,-2.0097408700853743,-184.06790367893848,153.69866180419922
177.1068779219322,-2.0081739838493653,-187.0679032697497,154.19866180419922
180.1068779219322,-2.0066070976133563,-190.06790286056093,154.69866180419922
183.1068779219322,-2.0050402113773473,-193.06790245137216,155.19866180419922
186.1068779219322,-2.0034733251413384,-196.0679020421834,155.69866180419922
189.1068779219322,-2.001906438905329,-199.06790163299462,156.19866180419922
192.1068779219322,-2.00033955266932,-202.06790122380585,156.69866180419922
195.1068779219322,-1.998772666433311,-205.06790081461708,157.19866180419922
198.1068779219322,-1.997205780197302,-208.0679004054283,157.69866180419922
201.1068779219322,-1.995638893961293,-211.06789999623953,158.19866180419922
204.1068779219322,-1.994072007725284,-214.06789958705076,158.69866180419922
207.1068779219322,-1.9925051214892748,-217.067899177862,159.19866180419922
210.1068779219322,-1.9909382352532659,-220.06789876867322,159.69866180419922
213.1068779219322,-1.9893713490172569,-223.06789835948445,160.19866180419922
216.1068779219322,-1.987804462781248,-226.06789795029567,160.69866180419922
219.1068779219322,-1.9862375765452387,-229.0678975411069,161.19866180419922
222.1068779219322,-1.9846706903092297,-232.06789713191807,161.69866180419922
225.1068779219322,-1.9831038040732207,-235.0678967227293,162.19866180419922
230.88680591162773,-1.9800849742024949,-240.8478239240643,162.69866180419922
234.21323629174842,-1.9804129896171536,-244.17294854508305,163.19866180419922
237.21323629174842,-1.980804685589622,-247.1729485195121,163.69866180419922
240.21323629174842,-1.9811963815620903,-250.17294849394113,164.19866180419922
243.21323629174842,-1.981588077534559,-253.17294846837018,164.69866180419922
246.21323629174842,-1.9819797735070273,-256.1729484427992,165.19866180419922
249.21323629174842,-1.9823714694794956,-259.17294841722827,165.69866180419922
252.21323629174842,-1.982763165451964,-262.1729483916573,166.19866180419922
255.21323629174842,-1.9831548614244323,-265.17294836608636,166.69866180419922
258.21323629174844,-1.9835465573969007,-268.1729483405154,167.19866180419922
261.21323629174844,-1.983938253369369,-271.17294831494445,167.69866180419922
264.21323629174844,-1.9843299493418376,-274.1729482893735,168.19866180419922
267.21323629174844,-1.984721645314306,-277.17294826380254,168.69866180419922
270.21323629174844,-1.9851133412867743,-280.1729482382316,169.19866180419922
273.21323629174844,-1.9855050372592427,-283.17294821266063,169.69866180419922
276.21323629174844,-1.985896733231711,-286.1729481870897,170.19866180419922
279.21323629174844,-1.9862884292041794,-289.1729481615187,170.69866180419922
282.21323629174844,-1.9866801251766477,-292.17294813594776,171.19866180419922
285.21323629174844,-1.9870718211491163,-295.1729481103768,171.69866180419922
288.21323629174844,-1.9874635171215846,-298.17294808480585,172.19866180419922
291.21323629174844,-1.987855213094053,-301.1729480592349,172.69866180419922
294.21323629174844,-1.9882469090665214,-304.17294803366394,173.19866180419922
297.21323629174844,-1.9886386050389897,-307.172948008093,173.69866180419922
300.21323629174844,-1.989030301011458,-310.17294798252203,174.19866180419922
303.21323629174844,-1.9894219969839266,-313.172947956951,174.69866180419922
307.64003332402933,-1.9899999831734196,-317.5997449514995,175.19866180419922
14.36255346784083,-1.591294565539508,-321.2780113835764,175.69866180419922
11.36255346784083,-0.5558246337986663,-324.08716322931815,176.19866180419922
8.36255346784083,1.0694565765541402,-326.6015206142672,176.69866180419922
6.651404657339438,3.667787228569307,-328.8983319821935,177.19866180419922
3.6514046573394388,6.396880227821297,-330.12032903452194,177.69866180419922
0.6514046573394386,9.357524265097105,-330.53962878292253,178.19866180419922
3.0,13.008928398506594,-330.54158484023964,178.69866180419922
6.0,16.008927968044897,-330.5431919401099,179.19866180419922
9.0,19.0089275375832,-330.54479903998026,179.69866180419922
12.0,22.008927107121504,-330.54640613985055,180.19866180419922
15.0,25.00892667665981,-330.5480132397209,180.69866180419922
18.0,28.00892624619811,-330.5496203395912,181.19866180419922
21.0,31.008925815736415,-330.5512274394615,181.69866180419922
24.0,34.00892538527472,-330.55283453933185,182.19866180419922
27.0,37.008924954813025,-330.55444163920214,182.69866180419922
30.0,40.00892452435133,-330.5560487390725,183.19866180419922
33.0,43.00892409388963,-330.55765583894276,183.69866180419922
36.0,46.008923663427936,-330.5592629388131,184.19866180419922
39.0,49.00892323296624,-330.56087003868345,184.69866180419922
42.0,52.00892280250454,-330.56247713855373,185.19866180419922
45.0,55.008922372042846,-330.5640842384241,185.69866180419922
48.0,58.00892194158115,-330.56569133829436,186.19866180419922
51.0,61.00892151111945,-330.5672984381647,186.69866180419922
54.0,64.00892108065776,-330.568905538035,187.19866180419922
57.0,67.00892065019606,-330.5705126379053,187.69866180419922
60.0,70.00892021973436,-330.57211973777567,188.19866180419922
63.0,73.00891978927267,-330.57372683764595,188.69866180419922
66.0,76.00891935881097,-330.5753339375163,189.19866180419922
69.63,79.63891883795232,-330.5772785283594,189.69866180419922
3.0,82.63891840749062,-330.5788856282297,190.19866180419922
6.0,85.63891797702892,-330.5804927281,190.69866180419922
9.0,88.63891754656723,-330.58209982797035,191.19866180419922
12.0,91.63891711610553,-330.58370692784064,191.69866180419922
15.0,94.63891668564384,-330.585314027711,192.19866180419922
19.6,99.23891602560258,-330.5877782475121,192.69866180419922
