s,x,y,t
48.800000000000004,1.951201702205525,-58.76076683353489,35.198577880859375
45.0,1.952665492580593,-54.960767115466766,36.098577880859374
42.0,1.9538211165609103,-51.960767338044576,36.99857788085937
39.0,1.9549767405412273,-48.96076756062238,37.89857788085937
36.0,1.9561323645215443,-45.96076778320018,38.79857788085937
33.0,1.9572879885018613,-42.96076800577799,39.69857788085937
30.0,1.9584436124821782,-39.960768228355796,40.59857788085937
27.0,1.9595992364624952,-36.9607684509336,41.498577880859365
24.0,1.9607548604428124,-33.96076867351141,42.398577880859364
21.0,1.9619104844231294,-30.960768896089213,43.29857788085936
18.0,1.9630661084034464,-27.960769118667017,44.19857788085936
15.0,1.9642217323837634,-24.960769341244823,45.09857788085936
12.0,1.9653773563640804,-21.96076956382263,45.99857788085936
9.0,1.9665329803443974,-18.960769786400434,46.89857788085936
6.0,1.9676886043247146,-15.96077000897824,47.798577880859355
3.0,1.9688442283050316,-12.960770231556046,48.698577880859354
0.0,1.9699998522853486,-9.96077045413385,49.59857788085935
6.640020430292893,4.071115542367507,-3.9294349959796913,50.49857788085935
13.970048891163259,9.227495772334422,-1.9805875604122347,51.39857788085935
66.0,13.380667262992077,-1.9792340010240452,52.29857788085935
63.0,16.380667103666276,-1.9782562716049374,53.19857788085935
60.0,19.38066694434047,-1.9772785421858299,54.098577880859345
57.0,22.38066678501466,-1.976300812766722,54.998577880859344
54.0,25.380666625688853,-1.9753230833476145,55.89857788085934
51.0,28.380666466363046,-1.9743453539285067,56.79857788085934
48.0,31.380666307037238,-1.973367624509399,57.69857788085934
45.0,34.38066614771143,-1.9723898950902914,58.59857788085934
42.0,37.38066598838562,-1.9714121656711836,59.49857788085934
39.0,40.380665829059815,-1.970434436252076,60.398577880859335
36.0,43.38066566973401,-1.9694567068329683,61.298577880859334
33.0,46.3806655104082,-1.9684789774138605,62.19857788085933
30.0,49.3806653510824,-1.967501247994753,63.09857788085933
27.0,52.38066519175659,-1.9665235185756451,63.99857788085933
24.0,55.380665032430784,-1.9655457891565375,64.89857788085934
21.0,58.380664873104976,-1.9645680597374298,65.79857788085934
18.0,61.38066471377917,-1.9635903303183222,66.69857788085935
15.0,64.38066455445336,-1.9626126008992144,67.59857788085935
12.0,67.38066439512755,-1.9616348714801066,68.49857788085936
9.0,70.38066423580175,-1.960657142060999,69.39857788085936
6.0,73.38066407647594,-1.9596794126418913,70.29857788085937
3.0,76.38066391715013,-1.9587016832227837,71.19857788085938
0.0,79.38066375782432,-1.957723953803676,72.09857788085938
15.916904576466848,82.5299989509774,-1.9566975545261653,72.99857788085939
9.951317674967601,86.70460108235888,-3.5019450424682113,73.89857788085939
4.11198853654097,88.37108624373495,-7.1280168975185445,74.7985778808594
0.5699999999999967,88.37162467093327,-10.670005393135638,75.6985778808594
3.0,88.37216740160696,-14.240303863250613,76.59857788085941
6.0,88.37262343967097,-17.24030382858883,77.49857788085941
9.0,88.373079477735,-20.24030379392704,78.39857788085942
12.0,88.37353551579902,-23.240303759265252,79.29857788085943
15.0,88.37399155386304,-26.24030372460347,80.19857788085943
18.0,88.37444759192705,-29.240303689941683,81.09857788085944
21.0,88.37490362999107,-32.240303655279895,81.99857788085944
24.0,88.37535966805508,-35.24030362061811,82.89857788085945
27.0,88.37581570611911,-38.240303585956326,83.79857788085945
30.0,88.37627174418313,-41.24030355129454,84.69857788085946
34.91,88.37701812648123,-46.150303494564746,85.59857788085947
2.000000000000007,88.37732215185724,-48.150303471456894,86.49857788085947
5.000000000000007,88.37777818992129,-51.150303436795106,87.39857788085948
8.000000000000007,88.3782342279853,-54.15030340213332,88.29857788085948
11.000000000000007,88.37869026604932,-57.15030336747154,89.19857788085949
14.000000000000007,88.37914630411332,-60.15030333280974,90.0985778808595
19.79,88.38002645757688,-65.94030326591249,90.9985778808595
22.000000000000007,88.38036240561738,-68.15030324037832,91.8985778808595
3.0,88.38081844368139,-71.15030320571654,92.79857788085951
6.0,88.38127448174541,-74.15030317105474,93.69857788085952
9.0,88.38173051980944,-77.15030313639296,94.59857788085952
12.0,88.38218655787345,-80.15030310173117,95.49857788085953
15.0,88.38264259593747,-83.15030306706939,96.39857788085953
18.0,88.38309863400148,-86.1503030324076,97.29857788085954
21.0,88.3835546720655,-89.15030299774583,98.19857788085955
24.0,88.38401071012952,-92.15030296308403,99.09857788085955
27.0,88.38446674819355,-95.15030292842225,99.99857788085956
30.0,88.38492278625756,-98.15030289376045,100.89857788085956
33.0,88.38537882432158,-101.15030285909867,101.79857788085957
36.0,88.3858348623856,-104.15030282443689,102.69857788085957
39.0,88.38629090044961,-107.15030278977511,103.59857788085958
42.0,88.38674693851362,-110.15030275511332,104.49857788085959
45.0,88.38720297657765,-113.15030272045152,105.39857788085959
48.0,88.38765901464167,-116.15030268578974,106.2985778808596
51.69,88.3882199414604,-119.84030264315575,107.1985778808596
3.0,88.38867597952442,-122.84030260849397,108.09857788085961
6.0,88.38913201758844,-125.84030257383218,108.99857788085961
9.0,88.38958805565247,-128.84030253917038,109.89857788085962
12.0,88.39004409371648,-131.8403025045086,110.79857788085963
15.0,88.3905001317805,-134.84030246984682,111.69857788085963
18.0,88.39095616984451,-137.84030243518504,112.59857788085964
21.999999999999986,88.39156422059654,-141.8403023889693,113.49857788085964
3.0,88.39202025866055,-144.8403023543075,114.39857788085965
6.0,88.39247629672457,-147.84030231964573,115.29857788085965
9.0,88.3929323347886,-150.84030228498392,116.19857788085966
12.0,88.39338837285261,-153.84030225032214,117.09857788085966
15.0,88.39384441091663,-156.84030221566036,117.99857788085967
18.0,88.39430044898064,-159.84030218099858,118.89857788085968
21.0,88.39475648704466,-162.8403021463368,119.79857788085968
24.0,88.39521252510868,-165.840302111675,120.69857788085969
27.0,88.3956685631727,-168.8403020770132,121.5985778808597
30.0,88.39612460123672,-171.84030204235142,122.4985778808597
33.0,88.39658063930074,-174.84030200768964,123.3985778808597
36.0,88.39703667736475,-177.84030197302786,124.29857788085971
39.0,88.39749271542877,-180.84030193836608,125.19857788085972
44.49000000000004,88.39832726508592,-186.33030187493503,126.09857788085972
4.999999999999943,88.39908732852597,-191.33030181716535,126.99857788085973
7.999999999999943,88.39954336658998,-194.33030178250357,127.89857788085973
11.0,88.399999404654,-197.33030174784182,128.79857788085974
14.0,88.40045544271803,-200.33030171318003,129.69857788085974
17.0,88.40091148078204,-203.33030167851825,130.59857788085975
20.0,88.40136751884606,-206.33030164385644,131.49857788085976
3.0,88.40212758228607,-211.33030158608676,132.39857788085976
6.0,88.40258362035009,-214.33030155142498,133.29857788085977
9.0,88.40303965841412,-217.33030151676317,134.19857788085977
12.0,88.40349569647813,-220.3303014821014,135.09857788085978
15.0,88.40395173454215,-223.3303014474396,135.99857788085978
18.0,88.40440777260616,-226.33030141277783,136.8985778808598
21.0,88.40486381067018,-229.33030137811605,137.7985778808598
24.0,88.4053198487342,-232.33030134345427,138.6985778808598
27.0,88.40577588679822,-235.33030130879246,139.5985778808598
30.0,88.40623192486224,-238.33030127413068,140.4985778808598
33.0,88.40668796292626,-241.3303012394689,141.39857788085982
36.0,88.40714400099027,-244.3303012048071,142.29857788085982
39.0,88.40760003905429,-247.33030117014533,143.19857788085983
42.0,88.4080560771183,-250.33030113548352,144.09857788085984
45.0,88.40851211518233,-253.33030110082174,144.99857788085984
48.0,88.40896815324635,-256.33030106615996,145.89857788085985
51.0,88.40942419131036,-259.33030103149815,146.79857788085985
54.0,88.40988022937438,-262.3303009968364,147.69857788085986
57.0,88.4103362674384,-265.3303009621746,148.59857788085986
60.0,88.41079230550241,-268.33030092751284,149.49857788085987
63.0,88.41124834356644,-271.330300892851,150.39857788085988
66.0,88.41170438163046,-274.3303008581893,151.29857788085988
69.0,88.41216041969447,-277.33030082352747,152.1985778808599
72.0,88.41261645775849,-280.33030078886566,153.0985778808599
75.0,88.4130724958225,-283.3303007542039,153.9985778808599
78.0,88.41352853388652,-286.3303007195421,154.8985778808599
81.0,88.41398457195055,-289.3303006848803,155.7985778808599
84.0,88.41444061001457,-292.33030065021853,156.69857788085992
87.0,88.41489664807858,-295.3303006155568,157.59857788085992
90.0,88.4153526861426,-298.33030058089497,158.49857788085993
93.0,88.41580872420661,-301.33030054623316,159.39857788085993
96.0,88.41626476227063,-304.3303005115714,160.29857788085994
99.0,88.41672080033466,-307.3303004769096,161.19857788085994
102.0,88.41717683839867,-310.3303004422478,162.09857788085995
105.0,88.41763287646269,-313.33030040758604,162.99857788085995
108.97000000000006,88.41823636683408,-317.300300361717,163.89857788085996
3.18662224779505,87.94798407371262,-320.43717348131077,164.79857788085997
7.26004768342278,85.9005630556342,-323.9224482761031,165.69857788085997
11.752311504422547,83.51333061494283,-325.712054408711,166.59857788085998
15.572099291431186,79.82768385879658,-326.5773790758383,167.49857788085998
66.0,76.01106215863805,-326.5753345114652,168.39857788086
63.0,73.01106258909977,-326.57372741159486,169.29857788086
60.0,70.01106301956146,-326.5721203117246,170.19857788086
57.0,67.01106345002316,-326.57051321185423,171.09857788086
54.0,64.01106388048485,-326.5689061119839,171.99857788086
51.0,61.01106431094655,-326.5672990121136,172.89857788086002
48.0,58.011064741408234,-326.56569191224327,173.79857788086002
45.0,55.01106517186993,-326.564084812373,174.69857788086003
