s,x,y,t
25.200000000000003,338.75836505033,-234.36116525195027,65.19905853271484
21.0,338.7609018962084,-230.16116601809165,65.29905853271484
18.0,338.76271392897866,-227.1611665653355,65.39905853271483
15.0,338.7645259617489,-224.16116711257934,65.49905853271483
12.0,338.76633799451923,-221.16116765982318,65.59905853271482
9.0,338.7681500272895,-218.16116820706702,65.69905853271482
6.0,338.76996206005975,-215.16116875431086,65.79905853271481
3.0,338.77177409283007,-212.1611693015547,65.8990585327148
0.0,338.77358612560033,-209.16116984879855,65.9990585327148
15.376131596443017,338.7761620684794,-204.8964416638648,66.09905853271479
15.066881385920269,338.5540740987761,-202.87192003259497,66.19905853271479
12.066881385920269,337.44438256249185,-200.0987263982509,66.29905853271478
9.066881385920269,335.5117973943273,-197.82119861421452,66.39905853271478
5.61333870491532,331.2477055430039,-195.56084061717797,66.49905853271477
2.6133387049153196,328.2838248053758,-195.15932400583372,66.59905853271476
0.0,325.67048610908853,-195.15911164734354,66.69905853271476
222.0,323.4201629705257,-195.15892878730133,66.79905853271475
219.0,320.4201629804304,-195.15868500892336,66.89905853271475
216.0,317.42016299033503,-195.15844123054538,66.99905853271474
213.0,314.42016300023965,-195.1581974521674,67.09905853271474
210.0,311.42016301014434,-195.15795367378942,67.19905853271473
207.0,308.42016302004896,-195.15770989541144,67.29905853271472
204.0,305.42016302995364,-195.1574661170335,67.39905853271472
201.0,302.42016303985827,-195.15722233865552,67.49905853271471
198.0,299.42016304976295,-195.15697856027754,67.59905853271471
195.0,296.4201630596676,-195.15673478189956,67.6990585327147
192.0,293.42016306957225,-195.15649100352158,67.7990585327147
189.0,290.4201630794769,-195.1562472251436,67.89905853271469
186.0,287.4201630893815,-195.15600344676562,67.99905853271468
183.0,284.4201630992862,-195.15575966838765,68.09905853271468
180.0,281.4201631091908,-195.15551589000967,68.19905853271467
177.0,278.4201631190955,-195.1552721116317,68.29905853271467
174.0,275.4201631290001,-195.1550283332537,68.39905853271466
171.0,272.4201631389048,-195.15478455487576,68.49905853271466
168.0,269.4201631488094,-195.15454077649778,68.59905853271465
165.0,266.42016315871405,-195.1542969981198,68.69905853271464
162.0,263.4201631686187,-195.15405321974183,68.79905853271464
159.0,260.42016317852335,-195.15380944136385,68.89905853271463
156.0,257.42016318842803,-195.15356566298587,68.99905853271463
153.0,254.42016319833266,-195.1533218846079,69.09905853271462
150.0,251.42016320823734,-195.1530781062299,69.19905853271462
147.0,248.42016321814197,-195.15283432785193,69.29905853271461
144.0,245.42016322804665,-195.15259054947396,69.3990585327146
141.0,242.42016323795127,-195.152346771096,69.4990585327146
138.0,239.4201632478559,-195.15210299271803,69.5990585327146
135.0,236.42016325776058,-195.15185921434005,69.69905853271459
132.0,233.4201632676652,-195.15161543596207,69.79905853271458
129.0,230.42016327756988,-195.1513716575841,69.89905853271458
126.0,227.4201632874745,-195.15112787920611,69.99905853271457
123.0,224.4201632973792,-195.15088410082814,70.09905853271457
120.0,221.42016330728381,-195.15064032245016,70.19905853271456
117.0,218.42016331718847,-195.15039654407218,70.29905853271455
114.0,215.42016332709312,-195.1501527656942,70.39905853271455
111.0,212.42016333699777,-195.14990898731622,70.49905853271454
108.0,209.42016334690243,-195.14966520893827,70.59905853271454
105.0,206.42016335680705,-195.1494214305603,70.69905853271453
102.0,203.42016336671173,-195.14917765218232,70.79905853271453
99.0,200.42016337661636,-195.14893387380434,70.89905853271452
96.0,197.42016338652104,-195.14869009542636,70.99905853271451
93.0,194.42016339642566,-195.14844631704838,71.09905853271451
90.0,191.42016340633032,-195.1482025386704,71.1990585327145
87.0,188.42016341623497,-195.14795876029243,71.2990585327145
84.0,185.42016342613962,-195.14771498191445,71.39905853271449
81.0,182.42016343604428,-195.14747120353647,71.49905853271449
78.0,179.4201634459489,-195.14722742515852,71.59905853271448
75.0,176.42016345585358,-195.14698364678054,71.69905853271447
72.0,173.4201634657582,-195.14673986840256,71.79905853271447
69.0,170.42016347566286,-195.14649609002458,71.89905853271446
66.0,167.4201634855675,-195.1462523116466,71.99905853271446
63.0,164.42016349547217,-195.14600853326863,72.09905853271445
60.0,161.42016350537682,-195.14576475489065,72.19905853271445
57.0,158.42016351528147,-195.14552097651267,72.29905853271444
54.0,155.42016352518613,-195.1452771981347,72.39905853271443
51.0,152.42016353509075,-195.14503341975671,72.49905853271443
48.0,149.42016354499543,-195.14478964137874,72.59905853271442
45.0,146.42016355490006,-195.1445458630008,72.69905853271442
42.0,143.4201635648047,-195.1443020846228,72.79905853271441
39.0,140.42016357470936,-195.14405830624483,72.8990585327144
36.0,137.42016358461402,-195.14381452786685,72.9990585327144
33.0,134.42016359451867,-195.14357074948887,73.0990585327144
30.0,131.42016360442332,-195.1433269711109,73.19905853271439
27.0,128.42016361432798,-195.14308319273292,73.29905853271438
24.0,125.42016362423261,-195.14283941435494,73.39905853271438
21.0,122.42016363413727,-195.14259563597696,73.49905853271437
18.0,119.4201636440419,-195.14235185759898,73.59905853271437
15.0,116.42016365394656,-195.14210807922103,73.69905853271436
12.0,113.42016366385121,-195.14186430084305,73.79905853271435
9.0,110.42016367375587,-195.14162052246508,73.89905853271435
6.0,107.42016368366052,-195.1413767440871,73.99905853271434
3.0,104.42016369356516,-195.14113296570912,74.09905853271434
0.0,101.42016370346981,-195.14088918733114,74.19905853271433
16.000620750003563,99.02880342042859,-195.14069486668686,74.29905853271433
12.528561243677348,96.92724402705986,-194.84571548864767,74.39905853271432
9.528561243677348,94.27676003757539,-193.48196019768343,74.49905853271432
3.2611398561018365,92.39882300289192,-189.59115852437353,74.59905853271431
0.0,92.39832726825641,-186.33001870595066,74.6990585327143
42.0,92.39794870727707,-183.83969385295228,74.7990585327143
39.0,92.39749266921305,-180.83969388761406,74.89905853271429
36.0,92.39703663114904,-177.83969392227584,74.99905853271429
33.0,92.39658059308502,-174.83969395693762,75.09905853271428
30.0,92.396124555021,-171.8396939915994,75.19905853271428
27.0,92.39566851695699,-168.83969402626118,75.29905853271427
24.0,92.39521247889296,-165.83969406092297,75.39905853271426
21.0,92.39475644082894,-162.83969409558478,75.49905853271426
18.0,92.39430040276493,-159.83969413024656,75.59905853271425
15.0,92.39384436470091,-156.83969416490834,75.69905853271425
12.0,92.3933883266369,-153.83969419957012,75.79905853271424
9.0,92.39293228857288,-150.8396942342319,75.89905853271424
6.0,92.39247625050885,-147.8396942688937,75.99905853271423
3.0,92.39202021244483,-144.8396943035555,76.09905853271422
0.0,92.39156417438082,-141.83969433821727,76.19905853271422
15.270656916331319,92.39112960958877,-138.98095410566776,76.29905853271421
9.208894304083872,94.1125816053163,-135.0611449156363,76.3990585327142
3.0744847096169554,98.34431082321677,-133.4135309915281,76.4990585327142
0.0,101.41879522596236,-133.41490465182466,76.5990585327142
3.0,104.41910196653107,-133.41624517000824,76.69905853271419
6.0,107.4191016670942,-133.41758555100827,76.79905853271418
9.0,110.4191013676573,-133.41892593200828,76.89905853271418
12.0,113.41910106822041,-133.4202663130083,76.99905853271417
15.0,116.41910076878354,-133.42160669400835,77.09905853271417
18.0,119.41910046934665,-133.42294707500838,77.19905853271416
21.0,122.41910016990977,-133.42428745600841,77.29905853271416
24.0,125.41909987047288,-133.42562783700842,77.39905853271415
27.0,128.41909957103599,-133.42696821800845,77.49905853271414
30.0,131.4190992715991,-133.4283085990085,77.59905853271414
33.0,134.4190989721622,-133.42964898000852,77.69905853271413
36.0,137.41909867272534,-133.43098936100856,77.79905853271413
39.0,140.41909837328845,-133.43232974200856,77.89905853271412
42.0,143.41909807385156,-133.4336701230086,77.99905853271412
45.0,146.41909777441467,-133.43501050400863,78.09905853271411
48.0,149.41909747497778,-133.43635088500866,78.1990585327141
51.0,152.4190971755409,-133.4376912660087,78.2990585327141
54.0,155.41909687610402,-133.4390316470087,78.3990585327141
57.0,158.41909657666713,-133.44037202800874,78.49905853271409
60.0,161.41909627723024,-133.44171240900877,78.59905853271408
63.0,164.41909597779335,-133.4430527900088,78.69905853271408
66.0,167.41909567835648,-133.44439317100884,78.79905853271407
69.0,170.4190953789196,-133.44573355200885,78.89905853271406
72.0,173.4190950794827,-133.44707393300888,78.99905853271406
75.0,176.4190947800458,-133.44841431400891,79.09905853271405
78.0,179.41909448060892,-133.44975469500895,79.19905853271405
81.0,182.41909418117206,-133.45109507600898,79.29905853271404
84.0,185.41909388173514,-133.452435457009,79.39905853271404
87.0,188.41909358229827,-133.45377583800902,79.49905853271403
90.0,191.41909328286138,-133.45511621900906,79.59905853271403
93.0,194.4190929834245,-133.4564566000091,79.69905853271402
96.0,197.41909268398763,-133.45779698100912,79.79905853271401
99.0,200.4190923845507,-133.45913736200913,79.89905853271401
102.0,203.41909208511385,-133.46047774300916,79.999058532714
105.0,206.41909178567695,-133.4618181240092,80.099058532714
108.0,209.41909148624006,-133.46315850500923,80.19905853271399
111.0,212.4190911868032,-133.46449888600927,80.29905853271399
114.0,215.41909088736628,-133.46583926700927,80.39905853271398
117.0,218.41909058792942,-133.4671796480093,80.49905853271397
120.0,221.41909028849253,-133.46852002900934,80.59905853271397
123.0,224.41908998905564,-133.46986041000937,80.69905853271396
126.0,227.41908968961877,-133.4712007910094,80.79905853271396
129.0,230.41908939018185,-133.47254117200944,80.89905853271395
132.0,233.419089090745,-133.47388155300945,80.99905853271395
135.0,236.41908879130807,-133.47522193400948,81.09905853271394
138.0,239.4190884918712,-133.47656231500952,81.19905853271393
142.6,244.01908803273466,-133.47861756587622,81.29905853271393
