s,x,y,t
99.60000000000001,201.02087949933008,-129.45940583745835,45.19818115234375
96.0,197.4208798586543,-129.4577973802583,46.19818115234375
93.0,194.42088015809122,-129.45645699925828,47.19818115234375
90.0,191.42088045752809,-129.45511661825824,48.19818115234375
87.0,188.42088075696498,-129.4537762372582,49.19818115234375
84.0,185.42088105640187,-129.45243585625818,50.19818115234375
81.0,182.42088135583873,-129.45109547525817,51.19818115234375
78.0,179.42088165527565,-129.44975509425814,52.19818115234375
75.0,176.4208819547125,-129.4484147132581,53.19818115234375
72.0,173.4208822541494,-129.44707433225807,54.19818115234375
69.0,170.4208825535863,-129.44573395125803,55.19818115234375
66.0,167.42088285302316,-129.44439357025803,56.19818115234375
63.0,164.42088315246008,-129.443053189258,57.19818115234375
60.0,161.42088345189694,-129.44171280825796,58.19818115234375
57.0,158.42088375133383,-129.44037242725793,59.19818115234375
54.0,155.42088405077072,-129.4390320462579,60.19818115234375
51.0,152.42088435020761,-129.4376916652579,61.19818115234375
48.0,149.4208846496445,-129.43635128425785,62.19818115234375
45.0,146.42088494908137,-129.43501090325782,63.19818115234375
42.0,143.42088524851826,-129.43367052225778,64.19818115234375
39.0,140.42088554795515,-129.43233014125775,65.19818115234375
36.0,137.42088584739204,-129.43098976025775,66.19818115234375
33.0,134.42088614682893,-129.4296493792577,67.19818115234375
30.0,131.4208864462658,-129.42830899825768,68.19818115234375
27.0,128.4208867457027,-129.42696861725764,69.19818115234375
24.0,125.42088704513958,-129.4256282362576,70.19818115234375
21.0,122.42088734457647,-129.4242878552576,71.19818115234375
18.0,119.42088764401335,-129.42294747425757,72.19818115234375
15.0,116.42088794345024,-129.42160709325753,73.19818115234375
12.0,113.42088824288712,-129.4202667122575,74.19818115234375
9.0,110.42088854232401,-129.41892633125747,75.19818115234375
6.0,107.4208888417609,-129.41758595025746,76.19818115234375
3.0,104.42088914119778,-129.41624556925743,77.19818115234375
0.0,101.42088944063467,-129.4149051882574,78.19818115234375
16.057281244656796,98.51137563828865,-129.41360523578766,79.19818115234375
9.438551378053303,94.20419914931546,-127.42846011184245,80.19818115234375
5.673056201415836,92.97618394374969,-125.4349781532891,81.19818115234375
2.673056201415836,92.38862628512062,-122.51308900794373,82.19818115234375
0.0,92.38821994666225,-119.8400328374122,83.19818115234375
48.0,92.38765896842595,-116.14969463503772,84.19818115234375
45.0,92.38720293036194,-113.1496946696995,85.19818115234375
42.0,92.38674689229791,-110.1496947043613,86.19818115234375
39.0,92.38629085423389,-107.14969473902309,87.19818115234375
36.0,92.38583481616988,-104.14969477368487,88.19818115234375
33.0,92.38537877810586,-101.14969480834665,89.19818115234375
30.0,92.38492274004184,-98.14969484300843,90.19818115234375
27.0,92.38446670197783,-95.14969487767023,91.19818115234375
24.0,92.3840106639138,-92.14969491233201,92.19818115234375
21.0,92.38355462584978,-89.1496949469938,93.19818115234375
18.0,92.38309858778577,-86.14969498165559,94.19818115234375
15.0,92.38264254972175,-83.14969501631737,95.19818115234375
12.0,92.38218651165774,-80.14969505097915,96.19818115234375
9.0,92.38173047359372,-77.14969508564094,97.19818115234375
6.0,92.38127443552969,-74.14969512030272,98.19818115234375
3.0,92.38081839746567,-71.14969515496452,99.19818115234375
0.0,92.38036235940166,-68.1496951896263,100.19818115234375
19.79,92.38002641136116,-65.93969521516047,101.19818115234375
17.000000000000007,92.37960229596162,-63.14969524739594,102.19818115234375
14.000000000000007,92.3791462578976,-60.14969528205772,103.19818115234375
11.000000000000007,92.37869021983359,-57.14969531671951,104.19818115234375
8.000000000000007,92.37823418176959,-54.1496953513813,105.19818115234375
5.000000000000007,92.37777814370557,-51.149695386043085,106.19818115234375
2.000000000000007,92.37732210564155,-48.14969542070487,107.19818115234375
0.0,92.37701808026551,-46.149695443812725,108.19818115234375
30.0,92.37627169796741,-41.23969550054252,109.19818115234375
27.0,92.3758156599034,-38.2396955352043,110.19818115234375
24.0,92.37535962183937,-35.239695569866086,111.19818115234375
21.0,92.37490358377535,-32.239695604527874,112.19818115234375
18.0,92.37444754571133,-29.239695639189655,113.19818115234375
15.0,92.37399150764732,-26.239695673851443,114.19818115234375
12.0,92.3735354695833,-23.23969570851323,115.19818115234375
9.0,92.37307943151929,-20.239695743175016,116.19818115234375
6.0,92.37262339345526,-17.2396957778368,117.19818115234375
3.0,92.37216735539124,-14.239695812498589,118.19818115234375
0.0,92.37171131732723,-11.239695847160375,119.19818115234375
17.125265629081657,92.37126923428823,-8.331497592777106,120.19818115234375
10.576187682063784,94.21206799274852,-3.816414966514703,121.19818115234375
4.046934859292614,98.64339963726135,-1.9514460389496557,122.19818115234375
1.3099999999999454,101.38033435119924,-1.9505540450396177,123.19818115234375
39.0,105.95979720798096,-1.9503073736291792,124.19818115234375
36.0,108.95979719089425,-1.95062756142192,125.19818115234375
33.0,111.95979717380754,-1.9509477492146607,126.19818115234375
30.0,114.95979715672085,-1.9512679370074015,127.19818115234375
27.0,117.95979713963415,-1.9515881248001423,128.19818115234375
24.0,120.95979712254744,-1.951908312592883,129.19818115234375
21.0,123.95979710546074,-1.952228500385624,130.19818115234375
18.0,126.95979708837403,-1.9525486881783647,131.19818115234375
15.0,129.95979707128734,-1.9528688759711055,132.19818115234375
12.0,132.95979705420064,-1.9531890637638463,133.19818115234375
9.0,135.95979703711393,-1.953509251556587,134.19818115234375
6.0,138.95979702002722,-1.9538294393493278,135.19818115234375
3.0,141.95979700294052,-1.9541496271420686,136.19818115234375
0.0,144.9597969858538,-1.9544698149348094,137.19818115234375
15.292286427664427,148.79464753338235,-1.9548791057145656,138.19818115234375
9.66954014566625,152.55173954825491,-3.426244669106473,139.19818115234375
4.109344751506649,154.07153589656036,-6.907938925346395,140.19818115234375
0.3100000000000023,154.06692056140506,-10.707280873563555,141.19818115234375
3.0,154.0628993261077,-14.017560069923181,142.19818115234375
6.0,154.0592550120558,-17.017557856418215,143.19818115234375
9.0,154.05561069800387,-20.017555642913244,144.19818115234375
12.0,154.05196638395196,-23.017553429408277,145.19818115234375
15.0,154.04832206990005,-26.01755121590331,146.19818115234375
18.0,154.04467775584814,-29.01754900239834,147.19818115234375
21.0,154.0410334417962,-32.01754678889337,148.19818115234375
24.0,154.0373891277443,-35.017544575388406,149.19818115234375
27.0,154.03374481369238,-38.017542361883436,150.19818115234375
30.0,154.03010049964047,-41.01754014837847,151.19818115234375
35.18,154.02380798404417,-46.19753632639323,152.19818115234375
3.08082386162546,154.0200654874807,-49.27835791487904,153.19818115234375
7.963521619384128,152.1953720959214,-53.672994083533276,154.19818115234375
14.415193148758455,147.79921916014723,-55.49300694843985,155.19818115234375
18.793921099481064,144.99007525392352,-55.49334925045048,156.19818115234375
39.0,140.38975195609103,-55.49390981265983,157.19818115234375
36.0,137.3897519783632,-55.49427537101447,158.19818115234375
33.0,134.38975200063533,-55.494640929369105,159.19818115234375
30.0,131.3897520229075,-55.49500648772374,160.19818115234375
27.0,128.38975204517965,-55.49537204607838,161.19818115234375
24.0,125.3897520674518,-55.49573760443302,162.19818115234375
21.0,122.38975208972394,-55.496103162787655,163.19818115234375
18.0,119.3897521119961,-55.49646872114229,164.19818115234375
15.0,116.38975213426825,-55.49683427949694,165.19818115234375
12.0,113.38975215654041,-55.497199837851575,166.19818115234375
9.0,110.38975217881256,-55.49756539620621,167.19818115234375
6.0,107.3897522010847,-55.49793095456085,168.19818115234375
3.0,104.38975222335687,-55.49829651291549,169.19818115234375
0.0,101.38975224562901,-55.498662071270125,170.19818115234375
15.580617795926988,98.87015245490821,-55.49896909152368,171.19818115234375
15.020934253431586,96.82891638113324,-55.69421635912399,172.19818115234375
12.020934253431586,93.99967263105984,-56.66244188756571,173.19818115234375
9.020934253431586,91.54520029623197,-58.3705538361277,174.19818115234375
8.531953178163173,90.1462617016873,-59.98006191361851,175.19818115234375
5.531953178163173,88.8316628011452,-62.66387330717772,176.19818115234375
2.531953178163173,88.37997746672775,-65.61802195343384,177.19818115234375
0.0,88.38036235573624,-68.149975102343,178.19818115234375
3.0,88.38081844368139,-71.15030320571654,179.19818115234375
6.0,88.38127448174541,-74.15030317105474,180.19818115234375
9.0,88.38173051980944,-77.15030313639296,181.19818115234375
12.0,88.38218655787345,-80.15030310173117,182.19818115234375
17.2,88.38297702385108,-85.35030304165075,183.19818115234375
