s,x,y,t
126.60000000000001,228.01983824765628,-199.15117662167552,20.198585510253906
129.60000000000002,231.01983823775163,-199.15142040005347,20.298585510253908
132.60000000000002,234.019838227847,-199.15166417843145,20.39858551025391
135.60000000000002,237.01983821794232,-199.15190795680942,20.49858551025391
138.60000000000002,240.0198382080377,-199.1521517351874,20.598585510253912
141.60000000000002,243.01983819813307,-199.15239551356538,20.698585510253913
144.60000000000002,246.0198381882284,-199.15263929194336,20.798585510253915
147.60000000000002,249.01983817832377,-199.15288307032134,20.898585510253916
150.60000000000002,252.01983816841908,-199.15312684869932,20.998585510253918
153.60000000000002,255.01983815851446,-199.1533706270773,21.09858551025392
156.60000000000002,258.0198381486098,-199.15361440545527,21.19858551025392
159.60000000000002,261.01983813870515,-199.15385818383325,21.298585510253922
162.60000000000002,264.01983812880053,-199.1541019622112,21.398585510253923
165.60000000000002,267.01983811889585,-199.15434574058918,21.498585510253925
168.60000000000002,270.0198381089912,-199.15458951896716,21.598585510253926
171.60000000000002,273.01983809908654,-199.15483329734514,21.698585510253928
174.60000000000002,276.0198380891819,-199.1550770757231,21.79858551025393
177.60000000000002,279.01983807927724,-199.1553208541011,21.89858551025393
180.60000000000002,282.0198380693726,-199.15556463247907,21.998585510253932
183.60000000000002,285.01983805946793,-199.15580841085705,22.098585510253933
186.60000000000002,288.0198380495633,-199.15605218923503,22.198585510253935
189.60000000000002,291.0198380396587,-199.156295967613,22.298585510253936
192.60000000000002,294.019838029754,-199.15653974599095,22.398585510253938
195.60000000000002,297.0198380198494,-199.15678352436893,22.49858551025394
198.60000000000002,300.0198380099447,-199.1570273027469,22.59858551025394
201.60000000000002,303.01983800004007,-199.1572710811249,22.698585510253942
204.60000000000002,306.0198379901354,-199.15751485950287,22.798585510253943
207.60000000000002,309.01983798023076,-199.15775863788085,22.898585510253945
210.60000000000002,312.0198379703261,-199.15800241625882,22.998585510253946
213.60000000000002,315.01983796042146,-199.1582461946368,23.098585510253947
216.60000000000002,318.01983795051683,-199.15848997301478,23.19858551025395
219.60000000000002,321.01983794061215,-199.15873375139276,23.29858551025395
224.25,325.6698379252599,-199.1591116078786,23.39858551025395
2.4149429780751155,328.084780895362,-199.15930784483936,23.498585510253953
5.414942978075116,331.0425171717132,-198.7254211279164,23.598585510253955
11.14961282197121,335.80839110416343,-195.67077488969187,23.698585510253956
12.452316186867854,337.4891506636252,-193.19535424213893,23.798585510253957
18.060113677470785,338.78649295487065,-187.79263756690648,23.89858551025396
18.757968943276904,338.7877862061507,-185.65153217618436,23.99858551025396
39.0,338.7895863749619,-182.67117468096168,24.09858551025396
36.0,338.79139840773223,-179.67117522820553,24.198585510253963
33.0,338.7932104405025,-176.67117577544937,24.298585510253965
30.0,338.79502247327275,-173.6711763226932,24.398585510253966
27.0,338.79683450604307,-170.67117686993706,24.498585510253967
24.0,338.79864653881333,-167.6711774171809,24.59858551025397
21.0,338.80045857158365,-164.67117796442474,24.69858551025397
18.0,338.8022706043539,-161.6711785116686,24.79858551025397
15.0,338.80408263712417,-158.67117905891243,24.898585510253973
12.0,338.8058946698945,-155.67117960615627,24.998585510253974
9.0,338.80770670266475,-152.67118015340012,25.098585510253976
6.0,338.809518735435,-149.67118070064396,25.198585510253977
3.0,338.8113307682053,-146.6711812478878,25.29858551025398
0.0,338.8131428009756,-143.67118179513164,25.39858551025398
16.4101516546109,338.8150040503144,-140.58969944583797,25.49858551025398
15.361130366667076,338.52367903203043,-138.03906617608519,25.598585510253983
12.361130366667076,337.46617082457766,-135.241122746431,25.698585510253984
9.361130366667076,335.70884403227063,-132.82066543645522,25.798585510253986
8.358824006622434,333.6871936525039,-131.16386871696596,25.898585510253987
5.358824006622434,330.9603748364098,-129.93701952422458,25.99858551025399
2.3588240066224344,328.0000438313935,-129.51613932954442,26.09858551025399
0.0,325.6412200602107,-129.51508542191746,26.19858551025399
221.4,322.8208673421925,-129.5138253060595,26.298585510253993
218.4,319.8208676416294,-129.51248492505945,26.398585510253994
215.4,316.82086794106624,-129.51114454405945,26.498585510253996
212.4,313.82086824050316,-129.5098041630594,26.598585510253997
209.4,310.82086853994,-129.50846378205938,26.698585510254
206.4,307.82086883937694,-129.50712340105935,26.798585510254
203.4,304.8208691388138,-129.5057830200593,26.898585510254
200.4,301.82086943825067,-129.5044426390593,26.998585510254003
197.4,298.8208697376876,-129.50310225805927,27.098585510254004
