s,x,y,t
48.800000000000004,1.951201702205525,-58.76076683353489,40.198177337646484
45.0,1.952665492580593,-54.960767115466766,41.09817733764648
42.0,1.9538211165609103,-51.960767338044576,41.99817733764648
39.0,1.9549767405412273,-48.96076756062238,42.89817733764648
36.0,1.9561323645215443,-45.96076778320018,43.79817733764648
33.0,1.9572879885018613,-42.96076800577799,44.69817733764648
30.0,1.9584436124821782,-39.960768228355796,45.598177337646476
27.0,1.9595992364624952,-36.9607684509336,46.498177337646474
24.0,1.9607548604428124,-33.96076867351141,47.39817733764647
21.0,1.9619104844231294,-30.960768896089213,48.29817733764647
18.0,1.9630661084034464,-27.960769118667017,49.19817733764647
15.0,1.9642217323837634,-24.960769341244823,50.09817733764647
12.0,1.9653773563640804,-21.96076956382263,50.99817733764647
9.0,1.9665329803443974,-18.960769786400434,51.898177337646466
6.0,1.9676886043247146,-15.96077000897824,52.798177337646464
3.0,1.9688442283050316,-12.960770231556046,53.69817733764646
0.0,1.9699998522853486,-9.96077045413385,54.59817733764646
6.640020430292893,4.071115542367507,-3.9294349959796913,55.49817733764646
13.970048891163259,9.227495772334422,-1.9805875604122347,56.39817733764646
66.0,13.380667262992077,-1.9792340010240452,57.29817733764646
63.0,16.380667103666276,-1.9782562716049374,58.198177337646456
60.0,19.38066694434047,-1.9772785421858299,59.098177337646455
57.0,22.38066678501466,-1.976300812766722,59.99817733764645
54.0,25.380666625688853,-1.9753230833476145,60.89817733764645
51.0,28.380666466363046,-1.9743453539285067,61.79817733764645
48.0,31.380666307037238,-1.973367624509399,62.69817733764645
45.0,34.38066614771143,-1.9723898950902914,63.59817733764645
42.0,37.38066598838562,-1.9714121656711836,64.49817733764645
39.0,40.380665829059815,-1.970434436252076,65.39817733764646
36.0,43.38066566973401,-1.9694567068329683,66.29817733764646
33.0,46.3806655104082,-1.9684789774138605,67.19817733764647
30.0,49.3806653510824,-1.967501247994753,68.09817733764648
27.0,52.38066519175659,-1.9665235185756451,68.99817733764648
24.0,55.380665032430784,-1.9655457891565375,69.89817733764649
21.0,58.380664873104976,-1.9645680597374298,70.7981773376465
18.0,61.38066471377917,-1.9635903303183222,71.6981773376465
15.0,64.38066455445336,-1.9626126008992144,72.5981773376465
12.0,67.38066439512755,-1.9616348714801066,73.49817733764651
9.0,70.38066423580175,-1.960657142060999,74.39817733764652
6.0,73.38066407647594,-1.9596794126418913,75.29817733764652
3.0,76.38066391715013,-1.9587016832227837,76.19817733764653
0.0,79.38066375782432,-1.957723953803676,77.09817733764653
15.916904576466848,82.5299989509774,-1.9566975545261653,77.99817733764654
9.951317674967601,86.70460108235888,-3.5019450424682113,78.89817733764654
4.11198853654097,88.37108624373495,-7.1280168975185445,79.79817733764655
0.5699999999999967,88.37162467093327,-10.670005393135638,80.69817733764656
3.0,88.37216740160696,-14.240303863250613,81.59817733764656
6.0,88.37262343967097,-17.24030382858883,82.49817733764657
9.0,88.373079477735,-20.24030379392704,83.39817733764657
12.0,88.37353551579902,-23.240303759265252,84.29817733764658
15.0,88.37399155386304,-26.24030372460347,85.19817733764658
18.0,88.37444759192705,-29.240303689941683,86.09817733764659
21.0,88.37490362999107,-32.240303655279895,86.9981773376466
24.0,88.37535966805508,-35.24030362061811,87.8981773376466
27.0,88.37581570611911,-38.240303585956326,88.7981773376466
30.0,88.37627174418313,-41.24030355129454,89.69817733764661
34.91,88.37701812648123,-46.150303494564746,90.59817733764662
2.000000000000007,88.37732215185724,-48.150303471456894,91.49817733764662
5.000000000000007,88.37777818992129,-51.150303436795106,92.39817733764663
8.000000000000007,88.3782342279853,-54.15030340213332,93.29817733764664
11.000000000000007,88.37869026604932,-57.15030336747154,94.19817733764664
14.000000000000007,88.37914630411332,-60.15030333280974,95.09817733764665
19.79,88.38002645757688,-65.94030326591249,95.99817733764665
22.000000000000007,88.38036240561738,-68.15030324037832,96.89817733764666
3.0,88.38081844368139,-71.15030320571654,97.79817733764666
6.0,88.38127448174541,-74.15030317105474,98.69817733764667
9.0,88.38173051980944,-77.15030313639296,99.59817733764667
12.0,88.38218655787345,-80.15030310173117,100.49817733764668
15.0,88.38264259593747,-83.15030306706939,101.39817733764669
18.0,88.38309863400148,-86.1503030324076,102.29817733764669
21.0,88.3835546720655,-89.15030299774583,103.1981773376467
24.0,88.38401071012952,-92.15030296308403,104.0981773376467
27.0,88.38446674819355,-95.15030292842225,104.99817733764671
30.0,88.38492278625756,-98.15030289376045,105.89817733764671
33.0,88.38537882432158,-101.15030285909867,106.79817733764672
36.0,88.3858348623856,-104.15030282443689,107.69817733764673
39.0,88.38629090044961,-107.15030278977511,108.59817733764673
42.0,88.38674693851362,-110.15030275511332,109.49817733764674
45.0,88.38720297657765,-113.15030272045152,110.39817733764674
48.0,88.38765901464167,-116.15030268578974,111.29817733764675
51.69,88.3882199414604,-119.84030264315575,112.19817733764675
3.0,88.38867597952442,-122.84030260849397,113.09817733764676
6.0,88.38913201758844,-125.84030257383218,113.99817733764677
9.0,88.38958805565247,-128.84030253917038,114.89817733764677
12.0,88.39004409371648,-131.8403025045086,115.79817733764678
15.0,88.3905001317805,-134.84030246984682,116.69817733764678
18.0,88.39095616984451,-137.84030243518504,117.59817733764679
21.999999999999986,88.39156422059654,-141.8403023889693,118.4981773376468
3.0,88.39202025866055,-144.8403023543075,119.3981773376468
6.0,88.39247629672457,-147.84030231964573,120.2981773376468
9.0,88.3929323347886,-150.84030228498392,121.19817733764681
12.0,88.39338837285261,-153.84030225032214,122.09817733764682
15.0,88.39384441091663,-156.84030221566036,122.99817733764682
18.0,88.39430044898064,-159.84030218099858,123.89817733764683
21.0,88.39475648704466,-162.8403021463368,124.79817733764683
24.0,88.39521252510868,-165.840302111675,125.69817733764684
27.0,88.3956685631727,-168.8403020770132,126.59817733764685
30.0,88.39612460123672,-171.84030204235142,127.49817733764685
33.0,88.39658063930074,-174.84030200768964,128.39817733764684
36.0,88.39703667736475,-177.84030197302786,129.29817733764685
39.0,88.39749271542877,-180.84030193836608,130.19817733764685
44.49000000000004,88.39832726508592,-186.33030187493503,131.09817733764686
4.999999999999943,88.39908732852597,-191.33030181716535,131.99817733764687
7.999999999999943,88.39954336658998,-194.33030178250357,132.89817733764687
11.0,88.399999404654,-197.33030174784182,133.79817733764688
14.0,88.40045544271803,-200.33030171318003,134.69817733764688
17.0,88.40091148078204,-203.33030167851825,135.5981773376469
20.0,88.40136751884606,-206.33030164385644,136.4981773376469
3.0,88.40212758228607,-211.33030158608676,137.3981773376469
6.0,88.40258362035009,-214.33030155142498,138.2981773376469
9.0,88.40303965841412,-217.33030151676317,139.1981773376469
12.0,88.40349569647813,-220.3303014821014,140.09817733764692
15.0,88.40395173454215,-223.3303014474396,140.99817733764692
20.8,88.40483340813257,-229.13030138042683,141.89817733764693
