s,x,y,t
307.64003332402933,2.0099999827319723,-317.6002672127961,10.198247909545898
303.21323629174844,2.0105779689214653,-313.17347021824764,10.9982479095459
300.21323629174844,2.010969664893934,-310.17347024381866,11.7982479095459
297.21323629174844,2.011361360866402,-307.1734702693896,12.5982479095459
294.21323629174844,2.0117530568388706,-304.17347029496057,13.398247909545901
291.21323629174844,2.012144752811339,-301.1734703205315,14.198247909545902
288.21323629174844,2.0125364487838073,-298.1734703461025,14.998247909545903
285.21323629174844,2.012928144756276,-295.17347037167343,15.798247909545903
282.21323629174844,2.013319840728744,-292.1734703972444,16.598247909545904
279.21323629174844,2.0137115367012126,-289.17347042281534,17.398247909545905
276.21323629174844,2.0141032326736807,-286.1734704483863,18.198247909545906
273.21323629174844,2.0144949286461493,-283.17347047395725,18.998247909545906
270.21323629174844,2.014886624618618,-280.1734704995282,19.798247909545907
267.21323629174844,2.015278320591086,-277.17347052509916,20.598247909545908
264.21323629174844,2.0156700165635546,-274.1734705506701,21.39824790954591
261.21323629174844,2.0160617125360227,-271.1734705762411,22.19824790954591
258.21323629174844,2.0164534085084913,-268.173470601812,22.99824790954591
255.21323629174842,2.0168451044809594,-265.173470627383,23.79824790954591
252.21323629174842,2.017236800453428,-262.17347065295394,24.59824790954591
249.21323629174842,2.0176284964258966,-259.1734706785249,25.398247909545912
246.21323629174842,2.0180201923983647,-256.17347070409585,26.198247909545913
243.21323629174842,2.0184118883708333,-253.1734707296668,26.998247909545913
240.21323629174842,2.0188035843433014,-250.17347075523776,27.798247909545914
237.21323629174842,2.01919528031577,-247.1734707808087,28.598247909545915
234.21323629174842,2.019586976288238,-244.17347080637967,29.398247909545915
231.21323629174842,2.0199786722607067,-241.17347083195062,30.198247909545916
226.50687792193222,2.0176268639185517,-236.46580735012657,30.998247909545917
